0 13 2 14 259 12 1 
1 2 17 222 3 259 14 
2 1 259 14 0 222 17 
3 4 26 1 121 29 120 
4 3 29 120 26 131 54 
5 7 56 130 65 54 132 
6 67 90 7 133 71 65 
7 65 5 6 132 67 56 
8 34 10 193 30 35 9 
9 32 10 20 30 11 31 
10 30 8 34 9 32 33 
11 21 12 20 16 9 13 
12 13 16 11 14 21 0 
13 12 0 14 16 2 11 
14 16 2 17 13 15 12 
15 17 27 16 19 14 21 
16 14 21 15 12 13 11 
17 15 1 26 14 27 2 
18 19 20 23 31 21 25 
19 18 25 21 15 23 20 
20 21 18 32 11 19 9 
21 20 16 19 11 18 15 
22 24 25 59 28 57 23 
23 41 25 24 18 19 31 
24 22 57 23 38 59 25 
25 23 19 22 27 24 18 
26 27 29 3 17 28 4 
27 26 28 15 25 29 17 
28 29 27 55 22 26 54 
29 28 26 54 4 27 55 
30 10 33 34 32 35 8 
31 41 32 18 33 23 40 
32 20 31 9 30 18 33 
33 35 40 30 31 37 32 
34 193 8 30 35 10 192 
35 192 33 37 34 194 193 
36 97 47 37 39 194 99 
37 194 35 36 40 97 192 
38 41 44 24 39 57 45 
39 45 36 40 38 37 47 
40 33 39 37 41 35 31 
41 23 31 38 40 24 39 
42 44 60 50 43 62 57 
43 52 45 46 42 49 47 
44 57 42 38 45 60 24 
45 39 43 47 44 38 36 
46 98 49 47 43 99 101 
47 99 36 46 45 97 98 
48 100 89 49 101 84 102 
49 52 101 46 48 98 100 
50 51 62 42 52 61 60 
51 61 50 83 62 77 84 
52 49 43 50 46 48 42 
53 56 55 68 58 65 54 
54 55 56 29 53 28 5 
55 54 28 53 59 29 56 
56 53 65 5 54 55 68 
57 44 59 24 60 58 38 
58 64 59 53 60 57 68 
59 57 58 22 55 24 60 
60 42 62 57 58 44 50 
61 51 62 77 63 83 75 
62 60 61 50 64 51 42 
63 66 64 61 75 68 77 
64 68 63 58 62 66 53 
65 7 56 68 67 5 53 
66 67 63 68 72 64 71 
67 6 66 71 65 7 72 
68 64 66 65 53 56 67 
69 73 70 92 71 72 74 
70 74 69 108 91 73 92 
71 72 90 69 67 73 66 
72 71 73 66 75 69 67 
73 69 72 74 79 71 70 
74 70 76 73 109 69 108 
75 77 79 63 72 78 61 
76 80 79 106 74 78 107 
77 75 83 61 78 51 79 
78 80 82 79 77 83 76 
79 76 78 75 73 80 74 
80 78 76 85 107 79 82 
81 86 87 84 82 88 89 
82 78 85 83 81 80 77 
83 77 82 51 84 78 61 
84 89 81 83 48 87 51 
85 111 82 80 86 107 78 
86 81 112 88 85 87 110 
87 103 88 81 89 86 195 
88 195 110 87 86 103 112 
89 84 48 102 87 100 81 
90 71 6 92 190 67 69 
91 92 70 108 69 191 213 
92 91 69 90 191 70 71 
93 94 99 98 97 47 96 
94 93 96 98 101 99 46 
95 105 96 100 102 101 48 
96 94 101 95 98 100 49 
97 36 194 99 47 37 93 
98 46 99 101 94 49 47 
99 47 98 97 93 46 36 
100 48 102 101 95 89 49 
101 49 98 96 100 46 48 
102 103 89 100 105 87 48 
103 87 195 102 104 88 89 
104 105 103 102 195 87 95 
105 95 102 104 100 103 96 
106 109 196 76 107 80 199 
107 111 106 80 197 85 76 
108 70 109 198 74 91 199 
109 199 106 108 74 196 198 
110 88 112 195 86 201 87 
111 107 85 200 112 197 80 
112 86 110 201 111 88 85 
113 124 143 116 115 125 142 
114 116 218 115 119 113 219 
115 114 142 113 118 143 116 
116 125 114 219 113 220 218 
117 140 156 118 119 160 154 
118 119 117 141 115 140 142 
119 216 118 114 117 217 115 
120 123 121 131 4 122 3 
121 222 120 122 3 221 123 
122 221 121 123 125 222 120 
123 120 122 127 124 121 131 
124 113 125 128 123 143 116 
125 116 124 220 122 113 219 
126 144 128 135 129 148 134 
127 128 131 123 129 130 120 
128 126 143 127 124 144 129 
129 130 134 127 126 132 131 
130 129 132 131 5 134 127 
131 120 127 130 123 4 129 
132 134 130 133 7 129 136 
133 190 136 132 6 186 90 
134 129 132 136 135 130 126 
135 148 126 134 137 144 149 
136 133 186 134 137 132 190 
137 149 189 136 135 179 148 
138 139 141 153 145 151 140 
139 138 151 140 161 141 153 
140 160 141 117 139 118 156 
141 140 138 118 142 139 117 
142 143 145 115 141 113 144 
143 142 113 128 144 124 145 
144 126 148 145 143 135 128 
145 144 146 142 138 143 148 
146 145 147 148 153 144 149 
147 183 149 146 150 148 179 
148 135 144 146 149 126 137 
149 137 179 147 148 189 135 
150 174 152 153 147 175 151 
151 153 139 164 152 138 165 
152 175 165 150 151 168 164 
153 151 138 150 146 139 152 
154 157 223 156 117 155 217 
155 224 156 157 159 228 154 
156 155 160 154 117 159 157 
157 154 155 224 156 223 159 
158 226 161 159 163 231 228 
159 158 228 160 155 156 224 
160 140 156 159 161 117 158 
161 158 164 160 139 163 159 
162 229 163 170 165 235 231 
163 231 162 158 164 161 226 
164 165 151 161 163 152 162 
165 152 164 168 162 170 175 
166 173 169 171 168 175 167 
167 258 207 171 169 208 234 
168 170 175 165 166 152 171 
169 206 166 176 167 207 212 
170 235 168 162 171 229 165 
171 234 167 166 170 235 258 
172 173 177 174 182 176 175 
173 172 166 176 175 169 177 
174 150 172 175 183 173 182 
175 152 168 173 174 150 165 
176 212 177 169 173 206 211 
177 176 211 172 178 212 173 
178 180 182 210 177 209 181 
179 189 181 149 183 137 185 
180 187 209 178 181 185 210 
181 185 179 182 180 189 183 
182 183 178 181 172 174 179 
183 147 182 179 174 181 149 
184 186 188 191 185 190 189 
185 181 187 189 184 179 180 
186 184 190 136 189 133 191 
187 180 215 185 188 209 181 
188 214 184 187 191 213 185 
189 179 137 185 186 149 181 
190 191 133 186 90 184 92 
191 190 92 184 91 186 188 
192 35 194 193 37 34 33 
193 34 192 35 8 30 194 
194 37 192 97 36 35 40 
195 88 103 110 87 104 86 
196 205 199 197 106 109 203 
197 204 196 200 107 205 111 
198 199 108 203 109 196 70 
199 109 203 196 198 205 106 
200 202 197 111 201 204 107 
201 112 200 110 202 111 86 
202 204 200 197 201 205 111 
203 199 205 198 196 109 204 
204 202 197 205 200 196 107 
205 196 203 204 197 199 106 
206 212 169 207 238 176 244 
207 167 206 208 237 258 169 
208 258 207 167 237 234 206 
209 210 215 180 242 187 178 
210 209 178 241 211 180 242 
211 177 212 243 210 176 244 
212 206 176 211 244 177 238 
213 214 91 188 245 108 191 
214 188 213 245 215 187 246 
215 209 187 246 214 180 242 
216 119 217 218 114 223 118 
217 223 216 119 154 117 218 
218 114 219 216 116 119 220 
219 220 218 116 125 114 221 
220 219 125 221 116 122 218 
221 222 122 220 259 121 125 
222 259 221 121 1 122 2 
223 217 154 157 216 156 119 
224 155 228 157 159 225 156 
225 228 227 226 224 159 232 
226 227 158 231 228 232 163 
227 232 226 225 231 228 158 
228 225 224 159 226 155 158 
229 235 162 230 231 170 236 
230 236 232 229 231 235 227 
231 163 226 232 229 227 162 
232 227 231 230 226 229 163 
233 234 236 258 235 171 230 
234 171 233 235 258 167 170 
235 229 170 234 236 171 162 
236 230 233 235 229 234 170 
237 239 238 207 240 208 206 
238 240 244 206 237 249 212 
239 237 240 238 207 249 208 
240 238 239 249 237 244 254 
241 242 252 210 243 251 209 
242 251 241 246 209 252 247 
243 250 244 211 241 249 212 
244 249 238 243 212 250 211 
245 248 246 214 247 215 213 
246 247 245 242 215 251 248 
247 246 251 248 253 245 242 
248 245 247 246 253 214 251 
249 244 250 254 240 243 238 
250 243 249 255 252 244 254 
251 242 252 247 256 241 246 
252 241 251 257 250 242 256 
253 256 247 251 248 246 257 
254 249 255 250 240 244 257 
255 250 254 257 249 252 243 
256 253 251 257 252 247 242 
257 252 256 255 250 251 241 
258 167 208 234 207 171 233 
259 222 2 221 1 0 121 
