0 1 25 6 140 141 24 
1 0 141 24 2 25 140 
2 23 1 149 24 141 22 
3 5 142 4 11 143 145 
4 143 3 52 142 11 72 
5 3 8 145 6 11 142 
6 0 144 9 5 25 140 
7 26 21 9 10 30 25 
8 11 5 10 9 3 13 
9 25 6 7 8 26 0 
10 13 18 8 7 16 11 
11 8 3 13 5 10 4 
12 17 13 74 85 16 11 
13 10 12 16 11 18 8 
14 86 119 17 15 85 89 
15 122 16 19 14 115 119 
16 18 13 15 17 10 19 
17 85 12 14 16 86 74 
18 16 10 19 21 13 15 
19 115 15 20 18 16 116 
20 31 116 19 21 113 30 
21 30 7 20 18 26 31 
22 150 23 33 27 152 149 
23 149 22 2 24 150 27 
24 27 25 1 23 0 26 
25 9 0 24 26 6 7 
26 7 30 27 25 21 28 
27 24 28 26 22 30 25 
28 27 30 29 33 26 31 
29 31 111 28 32 113 30 
30 21 26 28 31 7 20 
31 20 29 113 30 111 116 
32 151 110 33 29 154 152 
33 152 22 32 28 150 151 
34 41 36 139 38 42 35 
35 36 124 37 54 38 139 
36 35 38 139 34 124 41 
37 39 38 63 35 62 40 
38 40 36 37 41 39 35 
39 37 47 40 62 38 46 
40 38 42 46 39 44 41 
41 34 42 38 40 36 44 
42 44 40 41 46 38 43 
43 44 45 108 46 104 42 
44 43 42 46 40 45 108 
45 43 104 46 48 108 44 
46 47 40 45 44 39 48 
47 39 46 67 48 62 45 
48 107 47 45 68 46 104 
49 51 50 129 77 73 130 
50 49 128 55 76 129 77 
51 52 73 49 130 72 77 
52 51 72 146 4 73 130 
53 54 56 135 64 136 137 
54 53 136 63 35 135 64 
55 138 50 59 56 76 128 
56 53 137 58 55 135 64 
57 61 58 71 60 64 66 
58 64 57 56 59 61 53 
59 60 76 55 58 78 50 
60 78 59 69 57 81 76 
61 62 57 64 66 63 71 
62 61 63 67 39 66 64 
63 64 62 37 54 61 39 
64 63 61 58 53 57 62 
65 68 100 66 101 67 99 
66 67 61 65 71 62 68 
67 66 62 47 68 65 61 
68 65 101 67 48 100 66 
69 81 70 60 71 78 80 
70 69 80 97 81 93 99 
71 57 66 69 61 65 60 
72 73 52 74 51 75 4 
73 72 51 75 77 52 74 
74 75 85 12 72 87 73 
75 74 87 73 79 72 85 
76 59 78 77 50 79 60 
77 76 79 49 73 51 50 
78 60 76 81 79 59 69 
79 77 82 78 75 76 81 
80 83 70 93 81 69 92 
81 82 69 78 80 83 79 
82 81 79 83 87 80 84 
83 80 82 92 84 81 93 
84 87 86 83 90 89 85 
85 87 17 74 86 14 75 
86 14 84 85 89 17 87 
87 85 84 75 82 74 86 
88 121 91 89 159 90 119 
89 90 88 86 119 91 84 
90 89 92 91 84 88 95 
91 88 90 158 95 89 159 
92 90 93 95 83 94 80 
93 97 92 80 94 95 83 
94 95 161 93 96 160 92 
95 94 160 92 91 93 161 
96 166 94 97 98 161 93 
97 93 96 70 99 80 94 
98 167 103 99 96 169 100 
99 100 98 97 103 65 70 
100 101 65 99 103 68 102 
101 100 68 107 102 65 103 
102 103 168 106 101 169 175 
103 102 98 169 100 167 168 
104 107 108 105 45 48 106 
105 106 174 104 175 107 108 
106 175 105 102 107 174 168 
107 104 48 101 106 105 45 
108 104 43 45 105 107 44 
109 177 153 110 114 154 155 
110 32 154 109 111 151 153 
111 113 29 114 110 31 112 
112 118 114 113 178 116 184 
113 111 31 112 116 114 118 
114 112 179 111 109 113 178 
115 19 122 117 116 15 20 
116 20 118 113 115 31 112 
117 183 115 120 118 122 116 
118 112 116 184 117 113 178 
119 14 122 121 89 120 15 
120 121 122 117 185 119 183 
121 120 88 185 119 122 89 
122 115 120 119 15 117 121 
123 124 133 139 136 134 35 
124 139 123 35 136 36 133 
125 130 126 146 129 127 51 
126 127 129 125 128 130 132 
127 126 128 132 129 138 50 
128 138 127 129 50 126 132 
129 128 126 130 49 127 50 
130 146 125 129 51 52 126 
131 134 137 132 135 138 133 
132 138 127 131 128 137 126 
133 134 136 123 135 124 54 
134 133 135 131 136 137 123 
135 136 137 134 53 133 54 
136 135 133 54 124 53 134 
137 135 56 131 138 53 134 
138 128 132 55 137 50 127 
139 124 36 123 35 34 38 
140 144 141 0 6 1 25 
141 140 1 0 2 144 24 
142 143 148 3 145 4 147 
143 142 4 146 3 148 52 
144 140 6 145 0 147 5 
145 147 142 5 144 3 148 
146 130 52 143 125 51 4 
147 148 145 142 144 5 143 
148 147 142 145 143 3 5 
149 23 150 2 22 152 24 
150 22 149 152 23 33 151 
151 32 154 190 152 110 192 
152 33 150 151 22 190 32 
153 191 154 109 155 192 177 
154 151 110 153 192 32 109 
155 177 157 153 182 109 191 
156 157 195 182 207 155 177 
157 155 156 182 177 195 153 
158 159 160 91 165 162 95 
159 158 164 88 185 165 91 
160 161 158 95 162 94 163 
161 160 166 94 163 95 96 
162 163 213 160 165 161 214 
163 172 162 161 214 166 219 
164 187 165 159 216 197 215 
165 215 164 158 162 159 213 
166 172 161 96 167 163 94 
167 169 98 173 166 103 171 
168 169 170 102 175 171 103 
169 168 171 167 103 102 170 
170 168 171 176 217 169 218 
171 169 170 173 218 168 167 
172 163 166 219 173 161 214 
173 167 171 220 172 169 218 
174 105 175 176 106 104 168 
175 176 106 174 168 105 170 
176 175 170 227 174 168 217 
177 155 182 109 179 157 153 
178 184 179 180 112 189 181 
179 178 181 114 177 112 180 
180 189 181 178 194 184 199 
181 180 179 193 182 178 194 
182 177 195 157 181 155 156 
183 188 117 184 186 120 189 
184 178 189 118 183 180 112 
185 121 187 159 120 186 88 
186 187 188 196 185 183 197 
187 164 197 185 186 216 159 
188 183 186 198 189 196 184 
189 180 184 199 188 194 178 
190 151 192 152 154 32 191 
191 153 192 154 155 109 190 
192 190 191 154 151 153 110 
193 212 194 181 195 211 207 
194 199 211 193 180 203 189 
195 207 182 156 193 157 212 
196 205 198 186 197 201 204 
197 216 204 187 196 164 224 
198 201 196 188 199 203 205 
199 194 203 189 198 211 180 
200 209 202 228 203 229 201 
201 198 203 205 202 196 206 
202 200 206 201 228 203 205 
203 199 211 201 200 194 198 
204 197 224 205 216 196 206 
205 196 204 206 201 198 197 
206 202 205 201 204 196 200 
207 195 208 212 193 156 210 
208 207 210 212 195 209 156 
209 200 211 210 229 203 228 
210 209 212 208 229 211 207 
211 203 194 209 212 199 193 
212 193 211 210 207 194 209 
213 215 214 162 226 165 225 
214 225 213 219 163 226 221 
215 165 213 216 224 226 164 
216 224 197 215 164 204 165 
217 218 227 170 223 171 176 
218 217 220 223 171 222 170 
219 221 172 214 220 225 163 
220 218 222 173 219 223 171 
221 219 225 222 214 220 172 
222 220 223 221 218 219 173 
223 222 218 217 220 171 221 
224 216 204 215 197 226 164 
225 214 221 226 219 213 163 
226 213 225 214 215 224 221 
227 217 176 170 218 175 223 
228 229 200 209 202 203 210 
229 228 209 200 210 211 202 
