0 19 150 188 1 203 23 
1 3 152 187 0 189 144 
2 5 148 3 190 132 144 
3 144 1 189 2 152 148 
4 130 191 5 7 132 192 
5 2 132 4 192 190 148 
6 8 127 7 194 99 129 
7 129 6 193 4 127 194 
8 6 9 196 99 127 98 
9 10 8 98 195 91 196 
10 9 11 91 197 98 195 
11 10 92 197 91 84 9 
12 13 50 15 198 51 44 
13 12 51 50 198 15 48 
14 199 16 41 15 26 201 
15 44 200 12 14 198 50 
16 26 17 14 201 41 27 
17 27 16 18 202 201 22 
18 22 19 17 204 23 27 
19 0 23 18 203 150 22 
20 24 21 30 37 25 36 
21 25 20 22 29 24 23 
22 23 27 18 21 25 19 
23 22 19 25 150 18 21 
24 20 36 25 151 37 21 
25 21 23 24 153 20 22 
26 41 16 31 27 14 40 
27 22 17 29 26 16 18 
28 35 30 42 31 32 29 
29 31 30 27 21 28 20 
30 28 29 32 20 35 31 
31 29 28 40 26 30 42 
32 33 35 30 37 34 28 
33 32 38 79 34 37 74 
34 77 56 33 35 32 62 
35 28 57 32 34 42 30 
36 37 24 39 157 38 20 
37 36 38 20 32 24 33 
38 37 39 74 33 36 72 
39 72 38 158 36 167 74 
40 42 31 41 43 26 28 
41 26 40 14 44 16 31 
42 28 40 57 45 35 31 
43 47 44 45 40 50 46 
44 50 15 43 41 12 47 
45 46 58 43 42 53 47 
46 45 53 49 47 52 58 
47 48 43 50 46 51 44 
48 47 49 51 50 46 43 
49 52 46 48 53 47 45 
50 51 12 44 47 13 48 
51 50 13 48 12 47 44 
52 53 49 55 46 54 58 
53 52 46 58 54 49 45 
54 55 59 53 67 63 52 
55 54 65 52 67 53 273 
56 57 34 62 59 77 35 
57 56 35 42 58 34 28 
58 45 53 59 57 46 54 
59 54 63 58 56 67 53 
60 66 63 71 61 67 69 
61 76 70 62 60 80 77 
62 77 56 61 63 76 34 
63 67 59 60 62 54 66 
64 66 68 65 69 67 273 
65 55 67 64 273 54 66 
66 60 64 69 67 68 71 
67 63 65 54 66 55 60 
68 69 64 221 66 71 65 
69 68 71 66 221 64 60 
70 80 61 223 71 225 76 
71 69 222 60 70 66 221 
72 39 74 167 73 38 169 
73 169 75 83 72 82 171 
74 72 79 38 75 39 78 
75 73 82 74 78 83 72 
76 61 80 78 77 62 70 
77 34 62 79 76 56 33 
78 81 76 79 75 80 82 
79 74 77 33 78 34 38 
80 76 81 70 225 61 78 
81 78 82 80 224 75 76 
82 75 83 81 226 73 78 
83 82 227 73 171 75 226 
84 85 92 279 93 11 86 
85 279 84 93 86 92 94 
86 87 94 85 105 279 93 
87 86 88 105 94 108 122 
88 122 87 108 109 105 86 
89 106 97 94 90 105 103 
90 100 91 93 89 98 92 
91 98 10 92 90 9 11 
92 91 93 11 84 10 90 
93 92 94 90 85 84 91 
94 105 89 93 86 106 87 
95 126 96 99 100 127 97 
96 97 128 95 104 126 143 
97 103 96 89 100 106 95 
98 91 9 100 99 10 90 
99 127 95 98 8 6 126 
100 90 95 98 97 91 99 
101 107 114 103 102 111 115 
102 115 140 104 101 176 114 
103 97 106 101 104 89 107 
104 143 102 96 103 128 140 
105 106 94 108 87 89 107 
106 105 89 103 107 94 108 
107 101 111 108 106 114 103 
108 109 105 107 88 111 106 
109 108 111 110 122 107 88 
110 121 119 109 112 120 111 
111 114 107 109 112 101 108 
112 113 120 111 110 118 114 
113 116 118 112 114 117 120 
114 101 111 115 113 107 102 
115 102 114 176 116 140 101 
116 117 113 177 115 186 118 
117 186 116 118 228 177 113 
118 120 113 229 117 112 230 
119 120 110 231 123 112 121 
120 118 119 112 230 110 113 
121 110 123 122 109 119 88 
122 88 109 121 108 110 87 
123 232 121 119 110 231 120 
124 128 125 141 134 143 126 
125 124 129 126 133 128 127 
126 95 127 128 125 96 99 
127 99 6 126 129 95 7 
128 124 143 96 126 104 141 
129 7 127 125 130 6 126 
130 132 133 4 129 5 135 
131 145 136 134 135 161 139 
132 130 5 148 135 2 133 
133 135 130 134 125 132 131 
134 139 131 133 124 135 136 
135 149 133 132 131 148 145 
136 161 131 138 139 145 162 
137 181 138 139 142 182 136 
138 182 137 162 136 163 181 
139 134 137 136 141 131 138 
140 176 142 102 143 115 175 
141 124 142 143 139 128 140 
142 140 175 141 137 176 143 
143 104 128 140 141 102 96 
144 3 148 147 152 2 1 
145 131 161 149 146 136 135 
146 160 147 145 156 161 154 
147 154 144 146 149 152 148 
148 144 149 132 2 135 5 
149 135 148 145 147 132 131 
150 152 0 153 23 19 1 
151 153 157 24 154 156 25 
152 150 1 154 144 153 3 
153 154 151 150 25 152 23 
154 147 153 152 151 150 146 
155 168 159 156 158 166 160 
156 155 160 157 159 146 151 
157 151 156 36 158 24 39 
158 167 39 155 157 72 168 
159 166 160 155 162 168 163 
160 159 156 146 161 155 162 
161 136 162 145 160 131 138 
162 163 138 161 159 182 136 
163 162 182 164 166 138 179 
164 179 174 163 165 183 182 
165 170 173 164 166 174 172 
166 168 159 163 165 155 170 
167 158 169 72 168 39 73 
168 166 155 170 167 159 165 
169 73 167 171 170 72 83 
170 165 172 168 169 173 166 
171 169 233 83 172 73 234 
172 173 234 170 171 235 165 
173 235 172 165 174 170 234 
174 183 164 236 173 179 237 
175 176 178 142 181 177 140 
176 140 175 115 177 142 102 
177 186 178 116 176 117 185 
178 177 185 175 180 186 176 
179 164 183 180 182 174 163 
180 184 179 181 178 183 182 
181 137 182 180 175 138 179 
182 138 163 181 179 162 137 
183 174 184 179 237 164 180 
184 183 180 238 185 237 179 
185 178 186 240 184 239 177 
186 117 177 185 239 116 178 
187 189 206 1 188 205 3 
188 203 205 0 187 210 206 
189 187 3 190 206 1 2 
190 192 2 189 5 3 191 
191 192 215 4 193 5 213 
192 190 191 5 215 2 4 
193 194 213 7 191 214 6 
194 193 214 196 6 213 8 
195 197 196 9 216 10 8 
196 195 216 8 194 9 214 
197 195 10 11 9 196 91 
198 200 12 13 15 208 50 
199 14 207 201 200 211 16 
200 198 15 208 199 207 12 
201 202 211 199 16 212 17 
202 201 204 212 17 211 18 
203 204 210 188 19 209 0 
204 203 202 209 18 210 212 
205 206 188 210 187 217 203 
206 187 205 217 189 188 1 
207 199 211 208 201 200 212 
208 200 207 198 199 15 211 
209 210 218 204 212 220 203 
210 209 203 219 205 204 218 
211 212 201 207 220 202 199 
212 211 220 202 209 201 204 
213 214 193 215 194 191 216 
214 213 216 194 196 193 6 
215 191 213 192 193 4 190 
216 214 196 195 194 213 8 
217 206 205 187 219 189 188 
218 219 209 220 210 212 204 
219 218 210 209 205 220 203 
220 212 218 211 209 202 219 
221 222 272 69 68 71 261 
222 221 71 261 223 272 69 
223 225 263 70 222 257 80 
224 225 259 81 226 257 80 
225 223 224 257 80 259 70 
226 227 255 82 224 83 253 
227 226 83 253 233 255 82 
228 229 249 239 117 252 243 
229 230 228 252 118 247 120 
230 229 231 247 120 276 118 
231 230 276 232 119 247 120 
232 231 123 119 276 230 121 
233 234 171 264 227 172 83 
234 172 233 266 235 173 264 
235 173 236 275 234 172 174 
236 237 235 174 274 173 183 
237 238 236 274 183 174 184 
238 237 246 184 240 183 274 
239 240 243 228 186 185 244 
240 239 244 185 243 238 246 
241 244 242 245 243 277 246 
242 251 241 243 277 249 244 
243 242 249 244 239 251 240 
244 241 243 240 246 239 242 
245 246 241 274 244 238 242 
246 238 245 274 244 237 240 
247 276 248 252 230 250 229 
248 250 247 276 252 251 230 
249 251 252 243 228 250 242 
250 252 248 251 247 249 278 
251 242 249 250 278 243 252 
252 250 249 247 229 251 228 
253 255 254 227 264 256 226 
254 256 269 267 253 255 271 
255 253 256 226 259 227 254 
256 255 258 254 270 253 269 
257 259 225 260 263 224 223 
258 259 256 260 268 257 255 
259 257 258 224 255 260 225 
260 262 258 257 259 263 268 
261 272 222 263 221 223 262 
262 260 263 257 261 258 223 
263 223 262 257 261 260 225 
264 267 233 266 253 254 234 
265 266 267 275 271 264 254 
266 275 265 264 234 267 233 
267 264 271 254 265 266 253 
268 270 258 260 256 269 259 
269 270 254 271 256 267 268 
270 269 268 256 254 258 271 
271 267 269 254 265 270 264 
272 261 221 222 69 68 263 
273 65 64 55 67 66 68 
274 237 246 236 245 238 275 
275 266 235 265 234 236 264 
276 247 231 230 248 232 252 
277 278 242 241 251 243 244 
278 277 251 242 250 249 248 
279 85 84 86 93 92 94 
