0 95 5 94 92 1 2 
1 12 53 0 27 13 94 
2 3 9 5 8 4 13 
3 2 8 149 4 151 9 
4 148 5 93 3 2 149 
5 4 92 2 0 95 93 
6 7 18 9 10 20 13 
7 6 20 8 150 18 9 
8 3 9 151 7 2 6 
9 13 2 8 6 3 7 
10 11 17 13 6 16 12 
11 10 16 12 55 17 13 
12 53 1 11 13 10 55 
13 9 10 12 11 6 1 
14 15 89 66 16 90 68 
15 14 90 21 89 17 86 
16 17 11 65 14 10 55 
17 16 10 11 15 18 14 
18 20 6 21 7 19 17 
19 21 20 85 152 18 155 
20 18 7 19 153 21 6 
21 19 86 18 15 85 20 
22 35 23 24 98 33 101 
23 22 25 99 26 24 98 
24 25 33 22 59 23 35 
25 24 23 57 28 22 59 
26 27 28 96 23 97 25 
27 26 97 94 1 96 28 
28 26 54 25 57 23 27 
29 31 32 121 103 30 102 
30 32 31 36 29 42 34 
31 29 30 102 34 103 32 
32 42 30 29 122 31 121 
33 24 35 40 36 22 59 
34 36 100 31 35 30 102 
35 22 101 33 34 98 24 
36 34 37 30 33 31 35 
37 36 38 40 30 41 33 
38 51 37 41 39 40 46 
39 40 48 58 38 59 60 
40 39 59 33 37 24 38 
41 43 46 38 45 51 42 
42 32 123 43 122 30 41 
43 45 41 124 42 126 46 
44 47 125 81 45 83 46 
45 43 46 126 44 47 41 
46 45 47 41 51 43 44 
47 44 49 46 83 45 51 
48 50 39 60 51 61 38 
49 47 79 51 50 83 46 
50 48 61 76 49 60 75 
51 49 38 46 48 47 41 
52 67 54 55 56 62 57 
53 12 55 54 1 28 11 
54 57 52 28 53 56 55 
55 65 52 53 11 16 12 
56 58 62 57 52 59 60 
57 54 59 56 25 58 28 
58 56 59 60 39 62 57 
59 58 57 40 24 56 39 
60 58 62 48 61 56 39 
61 75 50 63 60 76 74 
62 67 56 60 63 58 52 
63 64 74 61 62 67 70 
64 63 66 67 70 74 62 
65 66 16 55 67 64 52 
66 65 68 64 14 16 70 
67 62 52 64 65 63 56 
68 70 66 71 89 14 64 
69 73 132 70 71 135 74 
70 74 68 69 64 73 63 
71 133 91 68 69 147 89 
72 77 75 73 134 136 76 
73 69 74 72 135 70 132 
74 70 73 63 75 64 69 
75 61 76 72 74 77 50 
76 75 77 50 79 61 72 
77 72 76 136 78 134 75 
78 79 137 82 77 138 83 
79 78 49 83 76 82 47 
80 82 81 139 127 138 128 
81 83 80 44 128 82 125 
82 80 138 83 78 81 137 
83 81 79 47 82 44 49 
84 87 144 85 154 145 86 
85 86 84 19 155 21 87 
86 21 85 90 87 84 19 
87 84 145 86 88 144 85 
88 91 146 90 87 147 89 
89 14 90 68 91 15 88 
90 15 89 86 88 14 21 
91 88 71 147 89 146 133 
92 95 5 104 93 106 0 
93 4 105 92 148 5 104 
94 97 95 107 0 27 108 
95 92 0 94 106 5 104 
96 99 109 97 26 111 108 
97 94 27 96 108 107 26 
98 101 22 99 110 35 113 
99 111 96 98 23 109 22 
100 112 34 102 101 31 35 
101 98 35 113 100 110 22 
102 103 31 100 29 34 112 
103 102 29 31 121 100 32 
104 106 105 116 92 114 95 
105 104 93 116 92 106 4 
106 104 114 95 116 107 92 
107 108 115 94 106 120 97 
108 107 120 109 97 115 119 
109 111 108 119 96 118 99 
110 113 117 98 111 101 99 
111 109 99 118 110 96 119 
112 100 113 102 101 110 34 
113 110 101 112 117 98 100 
114 116 106 115 104 107 95 
115 120 107 114 108 106 119 
116 114 104 106 105 92 115 
117 110 118 113 111 98 119 
118 119 111 117 109 110 120 
119 118 109 120 108 111 115 
120 115 108 119 107 109 118 
121 122 29 32 103 31 123 
122 123 121 32 130 42 29 
123 130 122 42 124 129 32 
124 129 126 43 123 131 130 
125 44 126 128 81 45 131 
126 45 124 125 131 43 44 
127 128 80 139 81 82 125 
128 127 81 125 80 44 83 
129 124 130 131 123 126 43 
130 123 129 122 124 42 131 
131 129 126 124 125 45 130 
132 135 69 167 133 164 73 
133 147 71 166 132 91 176 
134 136 165 72 135 169 77 
135 132 164 73 134 167 69 
136 134 169 77 137 72 165 
137 170 138 78 136 168 82 
138 137 82 168 139 80 170 
139 80 138 127 168 82 81 
140 141 229 173 143 230 174 
141 140 230 174 173 229 143 
142 171 144 154 143 177 84 
143 172 161 142 140 171 154 
144 145 84 142 177 87 171 
145 87 144 146 84 175 88 
146 88 145 147 175 91 176 
147 133 146 91 176 88 166 
148 4 149 93 3 5 151 
149 151 3 148 4 156 8 
150 153 157 151 7 159 156 
151 156 149 8 150 3 157 
152 158 155 153 19 160 159 
153 159 150 152 20 158 157 
154 142 155 161 84 85 143 
155 152 154 85 160 19 161 
156 151 157 149 150 8 159 
157 159 150 156 153 151 158 
158 152 159 160 162 153 155 
159 153 157 158 150 152 162 
160 161 158 155 163 152 154 
161 160 143 154 229 155 142 
162 163 158 160 159 229 152 
163 162 229 160 230 161 158 
164 179 135 167 165 132 178 
165 169 134 164 178 179 181 
166 176 133 180 167 147 132 
167 164 132 166 135 180 133 
168 138 170 137 139 182 82 
169 181 165 136 170 134 178 
170 137 182 168 169 138 181 
171 177 142 202 172 144 143 
172 143 201 171 173 142 202 
173 203 140 174 172 141 201 
174 141 173 203 140 230 172 
175 204 146 176 145 206 147 
176 166 147 205 175 180 133 
177 171 207 144 202 142 206 
178 179 181 165 193 194 184 
179 178 164 194 165 193 167 
180 205 189 166 176 192 212 
181 169 178 182 184 165 170 
182 186 170 181 168 169 184 
183 184 187 195 185 193 198 
184 193 183 181 186 195 178 
185 186 188 183 184 187 182 
186 185 182 184 181 183 188 
187 183 198 231 188 195 232 
188 185 187 183 231 186 198 
189 212 180 192 191 205 214 
190 199 196 191 192 197 200 
191 214 200 189 190 212 199 
192 189 194 190 180 191 196 
193 194 184 195 178 179 196 
194 193 196 179 192 178 195 
195 196 183 193 198 184 194 
196 195 190 197 194 193 198 
197 196 198 199 233 190 234 
198 232 197 195 187 231 196 
199 200 190 197 234 235 191 
200 199 191 235 217 190 214 
201 222 172 202 203 224 173 
202 224 171 201 207 177 222 
203 173 221 201 174 172 222 
204 213 206 175 205 210 212 
205 180 212 176 204 189 213 
206 207 204 210 209 175 213 
207 206 177 209 202 210 224 
208 223 218 209 211 226 219 
209 210 207 208 224 206 223 
210 209 213 206 211 207 204 
211 215 219 210 208 216 218 
212 189 205 214 213 191 180 
213 204 210 215 212 211 205 
214 191 215 217 212 200 189 
215 214 211 216 213 217 212 
216 219 215 236 217 211 239 
217 237 214 216 200 236 215 
218 219 208 238 226 211 239 
219 218 216 211 239 238 208 
220 228 221 225 227 222 242 
221 203 220 222 201 225 228 
222 224 201 225 221 202 223 
223 208 225 226 224 209 227 
224 222 202 223 209 225 201 
225 223 227 222 220 224 226 
226 241 223 218 227 208 240 
227 240 225 226 228 241 220 
228 220 242 227 240 225 221 
229 140 230 163 161 141 143 
230 141 229 140 163 174 161 
231 232 187 198 246 188 183 
232 231 198 246 233 245 197 
233 234 245 197 232 243 198 
234 233 243 199 235 197 245 
235 244 200 237 234 243 199 
236 237 239 251 216 217 252 
237 236 217 252 235 251 244 
238 239 218 250 241 219 249 
239 249 238 236 219 216 218 
240 241 227 247 242 226 248 
241 240 226 248 238 227 247 
242 228 240 247 227 220 241 
243 234 244 254 245 233 235 
244 243 252 253 235 237 234 
245 233 246 243 255 232 234 
246 245 232 231 255 233 198 
247 248 240 241 242 227 250 
248 247 241 250 238 240 257 
249 250 239 251 256 238 258 
250 249 238 257 248 239 256 
251 252 258 249 236 259 237 
252 244 259 251 237 253 258 
253 244 259 260 254 252 261 
254 255 243 253 244 245 260 
255 254 245 246 243 233 253 
256 258 249 257 251 250 259 
257 250 256 248 249 238 258 
258 259 256 251 252 261 249 
259 258 252 253 261 251 260 
260 261 253 259 254 244 258 
261 260 259 258 253 252 256 
