0 15 112 11 19 1 117 
1 2 10 113 0 120 7 
2 3 1 7 120 6 113 
3 2 6 7 120 1 113 
4 5 8 7 44 6 46 
5 4 46 6 7 44 8 
6 7 3 5 2 4 10 
7 6 2 4 10 3 5 
8 4 10 42 9 44 7 
9 17 39 11 30 8 19 
10 1 8 7 11 4 2 
11 19 0 9 10 15 17 
12 13 114 86 22 115 87 
13 12 22 14 115 114 16 
14 16 116 13 15 22 117 
15 0 19 117 14 112 11 
16 14 18 19 22 15 13 
17 9 30 18 19 39 11 
18 20 28 17 16 24 30 
19 11 15 17 16 0 9 
20 21 24 18 22 28 23 
21 20 23 90 24 22 99 
22 13 20 16 12 21 14 
23 99 21 24 26 90 102 
24 20 23 28 25 21 26 
25 29 36 26 24 28 34 
26 102 35 25 23 99 36 
27 41 32 30 29 39 54 
28 24 18 29 30 25 20 
29 25 34 28 27 36 30 
30 39 17 27 28 9 41 
31 33 34 70 38 68 32 
32 54 33 27 34 51 41 
33 51 31 32 68 54 57 
34 29 31 36 32 25 38 
35 36 37 26 104 38 25 
36 35 38 25 34 37 26 
37 38 35 130 66 64 36 
38 37 36 31 64 35 66 
39 30 9 41 42 27 17 
40 45 42 52 41 48 44 
41 27 39 54 40 32 30 
42 44 40 8 39 4 45 
43 45 49 46 121 44 48 
44 46 42 45 4 5 43 
45 43 40 48 44 46 49 
46 44 43 5 45 4 121 
47 50 60 48 53 62 49 
48 49 52 45 47 50 43 
49 48 43 50 123 47 45 
50 47 49 62 122 60 48 
51 33 54 57 53 32 68 
52 48 40 53 54 45 47 
53 55 52 47 51 60 48 
54 32 51 41 52 33 27 
55 60 53 58 57 59 47 
56 69 57 125 128 58 68 
57 56 68 51 55 69 33 
58 59 126 55 56 124 60 
59 61 58 124 60 62 55 
60 62 55 47 59 50 53 
61 59 62 124 60 58 50 
62 60 61 50 47 59 122 
63 65 66 64 131 248 67 
64 66 65 70 38 63 37 
65 63 64 67 66 70 127 
66 64 63 37 131 65 38 
67 70 127 69 65 68 128 
68 69 57 70 33 67 31 
69 56 128 67 68 57 127 
70 67 68 64 31 65 38 
71 75 83 72 74 81 76 
72 73 71 76 75 74 119 
73 74 119 72 108 71 118 
74 108 73 84 71 119 114 
75 71 76 81 77 83 72 
76 78 75 72 71 77 81 
77 148 78 79 75 133 76 
78 77 76 148 75 79 133 
79 133 80 81 77 132 148 
80 132 93 79 82 137 133 
81 82 79 75 83 80 71 
82 91 81 85 80 89 83 
83 84 85 71 81 86 75 
84 83 86 74 114 85 71 
85 86 89 83 82 91 84 
86 85 84 87 12 83 89 
87 90 86 89 12 21 85 
88 101 94 90 89 97 99 
89 91 85 88 87 82 86 
90 99 87 21 88 23 101 
91 89 82 94 93 85 88 
92 139 93 96 94 140 137 
93 137 80 92 91 132 139 
94 97 88 91 92 101 89 
95 105 97 98 100 103 101 
96 140 98 92 97 143 139 
97 101 94 95 96 88 100 
98 143 96 95 140 147 105 
99 23 90 102 101 26 21 
100 103 102 101 95 104 97 
101 88 97 100 99 94 90 
102 26 100 104 99 23 103 
103 100 129 104 105 102 95 
104 102 130 103 35 100 26 
105 95 103 100 98 129 245 
106 111 117 107 112 116 109 
107 109 106 116 118 117 115 
108 74 109 119 114 115 118 
109 107 118 108 115 114 119 
110 113 111 120 112 1 2 
111 106 112 110 117 113 107 
112 117 0 111 15 106 113 
113 120 110 1 2 112 111 
114 115 12 108 84 13 109 
115 114 13 109 116 12 108 
116 117 14 107 115 15 106 
117 112 116 15 106 0 111 
118 109 119 107 108 73 115 
119 118 108 73 74 109 72 
120 113 2 3 110 1 7 
121 123 43 49 46 45 122 
122 123 50 62 49 47 121 
123 121 122 49 43 50 48 
124 126 59 264 61 58 60 
125 128 56 263 126 69 265 
126 124 58 264 125 59 56 
127 128 67 69 65 265 125 
128 125 127 69 265 56 67 
129 103 130 131 104 250 105 
130 37 104 129 131 35 103 
131 130 66 232 129 63 37 
132 80 135 137 133 79 93 
133 79 148 132 134 77 80 
134 135 133 148 132 79 136 
135 132 136 134 137 133 80 
136 137 135 138 132 139 93 
137 93 136 132 139 80 135 
138 139 141 136 137 140 207 
139 92 138 140 137 93 96 
140 96 143 139 141 98 92 
141 142 138 140 207 139 143 
142 141 145 143 208 140 147 
143 98 140 147 142 96 145 
144 245 252 146 147 249 251 
145 147 146 142 210 144 143 
146 251 144 145 209 252 147 
147 145 143 144 98 245 142 
148 77 133 78 79 134 75 
149 151 181 161 152 150 187 
150 151 155 222 152 149 221 
151 150 149 221 184 222 228 
152 163 154 150 149 158 155 
153 155 156 223 266 154 265 
154 156 158 152 155 163 159 
155 150 223 153 154 222 152 
156 154 159 266 153 158 155 
157 162 158 160 163 194 159 
158 154 163 159 157 156 152 
159 158 156 160 154 266 157 
160 159 157 158 162 156 163 
161 187 164 149 163 181 152 
162 157 163 194 164 158 193 
163 158 152 162 161 157 154 
164 161 188 193 162 187 197 
165 262 176 166 168 261 173 
166 215 261 165 260 170 262 
167 170 179 224 169 177 168 
168 169 173 170 174 165 167 
169 177 174 168 167 191 173 
170 167 168 225 166 169 224 
171 172 199 173 175 174 200 
172 192 171 200 174 173 191 
173 174 168 171 176 172 169 
174 173 169 191 172 168 177 
175 176 171 199 173 165 172 
176 175 165 173 262 171 168 
177 169 191 179 178 174 167 
178 189 180 177 182 191 179 
179 167 226 177 180 224 169 
180 227 183 178 179 229 226 
181 187 182 149 184 185 161 
182 185 181 183 178 187 184 
183 184 229 180 182 228 227 
184 183 228 151 181 229 149 
185 182 187 186 189 181 188 
186 188 190 198 185 197 187 
187 181 161 185 188 182 164 
188 186 197 187 164 198 185 
189 178 190 191 185 182 186 
190 186 196 189 192 198 185 
191 177 192 174 189 169 172 
192 172 191 195 190 200 174 
193 197 201 194 164 204 188 
194 193 162 201 157 164 197 
195 200 202 192 196 206 172 
196 203 190 195 198 202 205 
197 193 198 204 188 201 205 
198 197 205 186 196 188 190 
199 200 171 172 206 175 195 
200 195 199 206 172 192 202 
201 204 193 194 197 205 164 
202 206 195 203 200 196 192 
203 196 205 202 198 195 206 
204 201 197 205 193 198 188 
205 198 204 203 197 196 201 
206 202 200 195 199 203 172 
207 208 141 253 142 138 210 
208 253 207 210 142 255 145 
209 210 254 212 146 255 256 
210 209 255 208 145 254 253 
211 213 257 212 240 258 256 
212 256 209 211 251 254 257 
213 211 258 214 241 259 257 
214 259 215 213 243 260 258 
215 260 166 214 261 225 259 
216 254 218 256 255 209 217 
217 257 219 218 258 256 211 
218 256 216 217 254 257 212 
219 258 217 220 257 259 213 
220 219 259 258 260 214 217 
221 222 151 247 228 150 184 
222 221 150 223 151 155 247 
223 155 222 153 265 150 221 
224 226 242 225 167 238 179 
225 243 170 224 215 167 242 
226 224 179 238 227 167 242 
227 180 236 226 229 179 234 
228 229 184 246 221 247 183 
229 228 183 234 227 184 180 
230 250 232 231 235 237 249 
231 239 237 249 230 244 235 
232 230 233 250 131 235 248 
233 248 234 232 235 246 236 
234 236 233 229 246 248 227 
235 236 230 237 233 232 234 
236 234 227 235 238 233 229 
237 244 231 238 235 242 239 
238 242 226 237 236 224 244 
239 231 244 240 252 249 237 
240 239 241 251 211 252 244 
241 244 240 243 213 242 239 
242 238 243 244 224 237 226 
243 242 225 241 214 224 244 
244 237 241 242 239 238 231 
245 144 249 147 252 105 250 
246 247 228 248 234 229 233 
247 246 221 228 222 248 151 
248 233 246 234 232 247 63 
249 252 231 245 250 239 144 
250 230 249 232 129 231 245 
251 252 146 240 212 144 239 
252 251 249 144 239 146 245 
253 208 255 207 210 254 142 
254 216 209 255 256 210 218 
255 254 210 253 216 208 209 
256 218 212 254 257 216 217 
257 217 258 211 256 219 218 
258 219 257 213 259 217 211 
259 214 258 220 260 213 215 
260 215 261 259 166 214 220 
261 260 166 262 215 165 259 
262 165 261 166 176 260 215 
263 265 125 264 128 126 56 
264 126 263 124 125 58 265 
265 263 128 125 223 127 153 
266 156 159 153 154 158 160 
