0 6 1 25 206 211 10 
1 24 0 205 2 206 25 
2 207 23 1 181 24 205 
3 208 4 12 5 209 210 
4 209 3 46 68 12 208 
5 210 9 3 6 208 12 
6 0 211 10 5 25 206 
7 26 19 10 8 30 25 
8 18 9 13 7 12 17 
9 12 8 5 10 13 3 
10 25 6 7 9 26 0 
11 15 67 13 17 81 68 
12 9 3 13 8 4 5 
13 17 11 8 12 18 15 
14 155 80 16 15 88 153 
15 11 81 17 14 67 13 
16 153 21 14 17 148 18 
17 13 15 18 16 11 8 
18 8 17 21 19 13 16 
19 30 7 20 18 26 29 
20 151 29 21 19 138 148 
21 148 16 20 18 151 153 
22 182 32 23 27 183 181 
23 22 181 2 24 182 27 
24 1 27 25 23 26 0 
25 10 26 0 24 6 7 
26 7 27 25 30 10 19 
27 26 28 24 22 30 25 
28 30 27 31 32 29 26 
29 31 138 20 30 137 19 
30 19 28 26 29 7 27 
31 29 137 28 33 138 30 
32 183 22 33 28 184 182 
33 133 184 32 31 186 183 
34 35 212 36 48 38 217 
35 38 34 190 192 212 36 
36 37 57 38 34 59 39 
37 36 43 39 59 38 57 
38 192 35 39 36 190 191 
39 191 38 40 37 192 194 
40 194 39 42 43 191 193 
41 123 63 43 42 113 60 
42 124 40 41 193 195 123 
43 37 60 41 40 63 59 
44 213 45 51 74 214 219 
45 72 44 47 214 69 74 
46 47 68 4 69 215 209 
47 46 215 45 69 68 214 
48 49 217 57 34 58 216 
49 48 58 50 216 217 57 
50 53 218 49 51 58 216 
51 219 44 54 50 213 74 
52 73 54 66 55 77 74 
53 50 58 55 54 49 56 
54 52 74 51 53 73 44 
55 56 65 53 52 58 62 
56 59 55 62 58 57 60 
57 58 59 36 48 56 49 
58 57 49 53 56 48 59 
59 56 57 60 37 62 58 
60 62 59 63 43 61 56 
61 63 112 62 60 113 65 
62 60 56 61 65 59 63 
63 61 41 113 60 112 62 
64 78 66 108 92 77 104 
65 55 62 66 56 61 52 
66 77 64 52 65 78 73 
67 81 11 70 68 15 82 
68 69 46 67 47 70 4 
69 68 72 70 47 46 45 
70 82 67 69 71 81 68 
71 75 73 72 70 74 82 
72 45 74 69 71 70 73 
73 52 74 71 77 54 66 
74 72 73 54 44 71 45 
75 82 71 76 77 70 73 
76 79 78 75 90 82 86 
77 66 73 78 75 52 64 
78 64 77 76 92 66 108 
79 76 80 86 82 90 88 
80 88 14 79 81 155 86 
81 67 82 15 80 70 11 
82 75 70 81 79 71 67 
83 84 154 88 85 155 87 
84 83 87 86 94 90 88 
85 87 99 152 83 100 84 
86 90 88 84 79 80 83 
87 85 84 91 100 99 83 
88 86 80 155 83 14 84 
89 94 92 93 105 91 108 
90 86 94 76 92 84 79 
91 94 93 95 87 89 97 
92 108 89 78 90 64 105 
93 107 91 89 97 105 94 
94 91 89 90 84 87 93 
95 97 91 96 100 93 98 
96 171 102 98 95 170 97 
97 95 98 121 93 96 91 
98 120 97 172 96 171 121 
99 100 85 101 158 102 87 
100 99 102 95 87 85 96 
101 169 102 99 159 170 175 
102 101 170 100 96 99 169 
103 114 106 104 105 111 112 
104 112 103 108 61 114 64 
105 107 89 108 103 93 92 
106 103 111 122 107 114 118 
107 93 105 121 106 89 97 
108 92 105 64 104 89 78 
109 111 117 110 126 118 114 
110 114 109 113 127 111 112 
111 114 109 106 118 110 117 
112 113 61 104 114 63 110 
113 112 63 123 110 61 41 
114 110 103 111 112 106 109 
115 167 130 116 117 168 118 
116 168 115 118 119 167 166 
117 118 109 129 115 111 116 
118 117 122 111 116 109 106 
119 166 120 122 116 165 168 
120 165 98 121 119 172 97 
121 120 97 107 122 98 93 
122 118 106 119 121 116 111 
123 41 113 124 127 42 63 
124 42 195 123 125 193 41 
125 128 127 124 126 195 123 
126 127 129 109 128 125 110 
127 126 125 110 123 109 128 
128 125 126 127 129 124 109 
129 126 117 130 109 128 115 
130 115 129 167 117 116 126 
131 185 132 133 139 187 186 
132 187 144 131 134 189 185 
133 33 186 131 137 184 185 
134 136 139 141 132 135 140 
135 147 139 138 136 151 149 
136 149 134 135 140 147 141 
137 138 139 31 133 29 135 
138 151 29 137 135 20 147 
139 135 137 134 131 138 136 
140 141 142 163 136 164 149 
141 140 134 143 144 136 142 
142 164 180 143 140 173 179 
143 179 142 141 145 140 180 
144 132 189 145 141 187 188 
145 177 188 144 143 178 189 
146 150 149 161 156 147 163 
147 135 151 149 150 136 138 
148 21 150 151 153 16 20 
149 136 147 163 146 135 140 
150 146 148 156 147 153 151 
151 138 20 147 148 135 29 
152 158 85 154 160 156 99 
153 16 156 148 155 14 154 
154 83 155 156 152 88 85 
155 14 88 154 153 80 83 
156 154 153 150 146 152 155 
157 176 159 162 160 174 175 
158 152 160 159 99 85 157 
159 175 157 158 101 176 169 
160 161 158 157 152 162 159 
161 160 163 162 146 157 149 
162 174 157 161 164 163 173 
163 140 161 149 164 162 136 
164 142 173 163 162 180 140 
165 120 172 197 166 98 198 
166 119 168 196 165 116 120 
167 115 168 116 130 166 117 
168 167 166 116 115 196 119 
169 101 175 170 102 159 201 
170 102 169 171 101 96 175 
171 172 96 170 198 98 102 
172 171 165 98 198 120 96 
173 180 164 199 174 142 203 
174 162 200 173 176 157 164 
175 159 169 176 201 101 157 
176 157 175 202 174 159 162 
177 145 178 179 188 204 143 
178 188 177 238 145 189 237 
179 143 180 204 177 142 203 
180 173 142 203 179 164 199 
181 182 23 2 22 183 232 
182 22 181 183 232 23 32 
183 232 32 184 182 22 233 
184 233 33 183 186 232 235 
185 234 131 187 186 235 132 
186 235 133 185 184 33 131 
187 132 185 189 236 234 131 
188 178 238 145 189 177 237 
189 237 187 144 188 236 238 
190 192 35 38 191 34 39 
191 39 194 192 40 38 190 
192 190 38 191 35 39 36 
193 195 42 194 124 40 191 
194 40 191 193 39 42 195 
195 193 124 42 125 194 123 
196 166 197 168 165 119 167 
197 198 165 196 172 166 120 
198 197 172 171 165 98 120 
199 203 173 200 180 174 204 
200 174 202 199 173 176 162 
201 202 175 176 169 159 200 
202 176 201 200 175 174 157 
203 199 180 204 173 179 142 
204 179 203 180 177 199 143 
205 206 221 1 207 220 0 
206 211 205 0 220 6 223 
207 2 205 1 221 23 181 
208 210 225 3 209 224 222 
209 4 224 208 3 46 225 
210 208 222 5 211 225 3 
211 206 6 223 210 0 220 
212 34 217 48 35 216 36 
213 219 44 214 227 51 230 
214 215 213 228 45 44 227 
215 214 226 47 228 46 45 
216 217 231 218 49 229 48 
217 216 48 212 49 231 34 
218 216 229 50 219 49 231 
219 51 213 230 218 44 227 
220 223 221 206 211 205 0 
221 220 205 206 207 223 1 
222 225 210 223 208 211 224 
223 220 211 222 206 210 221 
224 225 209 208 222 4 226 
225 208 224 222 210 209 3 
226 228 215 214 227 47 224 
227 228 230 213 214 219 226 
228 227 226 214 215 213 230 
229 218 231 230 216 219 50 
230 227 219 229 213 218 228 
231 216 229 217 218 49 212 
232 183 233 184 182 32 235 
233 184 232 235 183 186 33 
234 185 235 236 187 186 131 
235 186 233 234 184 185 133 
236 237 187 234 189 185 238 
237 236 189 238 187 188 234 
238 188 237 178 189 236 145 
