0 215 216 212 245 213 244 
1 2 3 12 5 21 6 
2 1 5 3 84 12 4 
3 5 1 21 6 2 4 
4 6 10 5 85 9 3 
5 3 4 2 84 6 1 
6 4 9 3 22 5 10 
7 25 66 8 9 42 67 
8 67 7 10 86 66 9 
9 10 23 6 7 4 8 
10 9 4 8 87 6 7 
11 14 20 12 18 21 13 
12 21 1 11 20 3 2 
13 14 15 18 220 11 17 
14 11 13 18 15 20 12 
15 18 13 17 220 14 16 
16 19 28 17 18 24 20 
17 29 16 217 15 28 223 
18 15 16 14 20 13 11 
19 22 16 20 24 23 21 
20 21 19 11 18 22 12 
21 20 12 22 3 19 1 
22 23 19 21 6 24 20 
23 22 9 24 25 19 6 
24 28 26 19 23 16 22 
25 7 42 26 23 66 9 
26 27 24 25 41 28 34 
27 26 30 28 34 24 41 
28 24 16 27 29 26 17 
29 223 17 28 30 217 16 
30 27 35 29 221 28 223 
31 47 38 32 36 43 48 
32 48 31 227 33 47 232 
33 228 35 36 32 226 34 
34 41 36 27 35 40 26 
35 226 33 30 34 221 228 
36 40 34 31 33 41 38 
37 39 42 65 40 38 66 
38 31 40 43 39 36 47 
39 68 37 45 38 72 65 
40 36 38 41 37 34 31 
41 34 40 42 26 36 27 
42 66 25 37 41 7 40 
43 47 38 44 45 31 49 
44 49 57 46 43 53 47 
45 72 39 46 43 68 70 
46 56 70 45 44 57 72 
47 43 31 48 49 32 38 
48 32 47 50 232 31 227 
49 53 44 47 50 57 43 
50 51 231 48 49 53 232 
51 50 53 236 54 231 49 
52 55 62 54 53 59 57 
53 49 57 51 52 44 50 
54 61 52 235 51 62 236 
55 52 59 58 57 62 60 
56 46 75 57 58 70 73 
57 44 53 56 55 49 46 
58 60 73 55 56 59 78 
59 55 60 62 80 58 52 
60 58 59 79 78 73 55 
61 62 82 54 239 235 52 
62 52 61 59 81 55 54 
63 69 68 64 90 65 72 
64 65 67 63 89 66 68 
65 64 68 37 66 63 39 
66 42 7 67 65 8 64 
67 8 66 64 88 65 7 
68 39 72 63 65 45 69 
69 63 71 72 92 68 70 
70 46 75 72 71 56 45 
71 74 69 70 91 75 94 
72 45 68 70 69 39 46 
73 78 58 75 76 77 60 
74 71 75 76 94 70 73 
75 56 73 70 74 46 76 
76 73 77 74 93 78 75 
77 78 76 83 73 93 60 
78 77 73 60 83 76 58 
79 80 60 83 59 78 81 
80 81 79 59 60 62 82 
81 80 62 82 59 61 79 
82 61 81 239 62 80 54 
83 79 78 77 60 73 80 
84 85 115 5 95 116 2 
85 87 116 84 4 117 115 
86 88 118 87 8 171 117 
87 85 117 86 10 116 118 
88 171 86 89 67 118 169 
89 169 90 88 64 171 170 
90 89 170 92 63 169 172 
91 94 173 92 71 273 172 
92 172 90 91 69 170 173 
93 94 76 273 74 77 211 
94 91 273 93 74 173 71 
95 99 115 102 255 84 98 
96 97 105 253 98 101 254 
97 96 254 121 105 253 259 
98 256 96 101 99 255 253 
99 95 255 102 98 115 256 
100 116 112 102 103 117 115 
101 105 103 98 102 96 104 
102 115 99 100 101 116 95 
103 111 104 101 100 107 105 
104 103 107 105 106 111 101 
105 101 96 104 97 103 98 
106 130 108 104 142 131 107 
107 111 104 110 108 103 106 
108 142 106 109 107 130 140 
109 140 108 181 110 142 145 
110 114 180 107 109 175 111 
111 103 107 112 114 104 110 
112 117 100 111 113 116 118 
113 118 179 114 112 171 175 
114 110 175 113 111 180 179 
115 102 95 84 116 99 100 
116 100 117 85 115 112 102 
117 112 116 87 118 100 113 
118 113 171 86 117 88 179 
119 120 258 134 123 257 132 
120 119 257 132 122 134 258 
121 122 131 259 97 129 260 
122 121 129 260 120 131 259 
123 119 125 134 258 120 124 
124 133 125 126 136 134 193 
125 124 134 123 133 119 132 
126 136 127 124 193 137 133 
127 137 126 164 194 136 152 
128 130 129 143 135 131 132 
129 131 122 128 132 121 130 
130 106 128 131 142 108 129 
131 129 121 130 122 128 106 
132 134 135 120 129 119 133 
133 124 135 134 136 125 132 
134 132 133 119 125 135 120 
135 133 132 138 128 134 136 
136 126 138 133 137 124 127 
137 127 152 139 136 164 150 
138 136 135 139 143 133 141 
139 141 150 138 137 146 136 
140 142 141 109 145 146 143 
141 140 139 143 146 145 142 
142 108 140 143 130 109 141 
143 142 141 128 138 140 130 
144 184 149 145 147 182 181 
145 146 140 144 181 141 147 
146 145 147 141 150 140 144 
147 148 155 146 144 145 149 
148 147 149 153 161 160 155 
149 182 160 148 144 184 147 
150 152 139 155 146 137 154 
151 153 165 154 157 168 155 
152 164 137 150 154 166 155 
153 151 155 148 156 154 147 
154 166 155 152 151 165 164 
155 154 153 147 150 151 152 
156 158 153 161 157 151 162 
157 168 159 151 156 167 165 
158 162 207 156 159 161 208 
159 167 208 157 158 201 168 
160 161 149 188 163 148 162 
161 160 162 156 148 158 163 
162 158 161 203 163 204 160 
163 204 187 162 160 214 203 
164 152 166 127 196 137 154 
165 151 166 168 197 157 154 
166 154 165 164 195 151 152 
167 159 168 201 198 157 208 
168 157 165 167 199 159 151 
169 89 171 174 170 88 176 
170 176 172 90 169 174 192 
171 88 169 118 179 113 89 
172 170 92 192 173 176 90 
173 273 191 91 172 210 94 
174 176 178 179 169 170 171 
175 114 178 179 180 110 113 
176 170 174 192 177 172 169 
177 178 189 176 183 174 186 
178 174 177 175 183 179 176 
179 113 171 174 175 118 178 
180 110 183 181 175 114 184 
181 184 109 180 145 144 140 
182 149 184 188 144 160 183 
183 180 184 178 181 182 177 
184 144 182 181 183 149 145 
185 216 190 186 187 213 214 
186 188 185 189 187 182 177 
187 214 163 188 185 216 186 
188 186 182 160 187 149 185 
189 192 177 190 186 185 191 
190 213 185 191 189 216 210 
191 210 173 190 192 273 213 
192 189 172 191 176 173 170 
193 194 126 124 127 196 136 
194 196 193 127 126 164 195 
195 278 197 196 166 164 165 
196 194 195 164 278 127 166 
197 195 199 165 278 166 168 
198 199 167 201 168 197 159 
199 197 198 168 165 167 195 
200 206 201 241 208 209 167 
201 167 200 208 159 206 198 
202 205 203 243 209 204 242 
203 204 202 162 207 163 205 
204 163 203 205 214 162 202 
205 202 204 242 215 203 243 
206 200 209 241 208 240 201 
207 208 158 209 203 159 206 
208 207 159 206 201 158 167 
209 240 202 207 206 208 243 
210 191 273 213 211 173 190 
211 212 247 210 213 273 246 
212 246 211 0 213 247 245 
213 190 216 210 212 191 185 
214 187 204 215 216 163 185 
215 244 0 214 205 242 204 
216 185 0 213 214 190 187 
217 223 218 17 220 29 224 
218 217 224 219 264 220 266 
219 220 218 217 264 224 15 
220 219 217 15 218 13 17 
221 222 226 223 30 35 230 
222 221 230 224 265 226 223 
223 29 217 221 224 17 30 
224 266 218 222 223 264 217 
225 230 268 228 229 267 226 
226 228 35 221 230 33 225 
227 232 229 32 228 233 48 
228 226 33 227 225 35 32 
229 233 227 225 269 232 270 
230 225 222 267 226 221 268 
231 50 232 236 234 51 233 
232 227 233 231 48 229 32 
233 229 232 234 270 227 231 
234 237 233 231 271 232 236 
235 236 239 238 54 61 237 
236 235 51 231 237 54 238 
237 234 238 272 236 271 231 
238 237 235 272 236 239 234 
239 235 61 82 54 238 236 
240 209 241 243 206 249 202 
241 240 206 200 209 243 208 
242 243 248 244 205 251 202 
243 242 249 202 240 205 248 
244 242 251 215 245 248 250 
245 250 246 244 0 252 251 
246 252 212 245 247 250 211 
247 211 246 212 252 245 210 
248 251 242 249 243 244 205 
249 243 248 242 240 251 202 
250 245 252 251 246 244 0 
251 248 244 250 242 245 249 
252 246 250 245 247 212 251 
253 263 256 96 254 261 98 
254 259 97 262 253 96 263 
255 99 256 95 98 261 102 
256 98 253 261 255 263 96 
257 258 120 260 119 122 259 
258 257 119 120 123 260 134 
259 260 254 121 122 262 97 
260 259 122 257 121 120 254 
261 263 256 253 255 98 262 
262 263 254 253 259 97 261 
263 253 262 261 256 254 96 
264 266 218 275 224 219 265 
265 274 266 267 222 275 224 
266 275 264 224 265 274 218 
267 268 230 265 274 225 222 
268 267 269 225 276 230 229 
269 276 270 268 229 277 225 
270 277 269 271 233 276 229 
271 270 272 234 277 237 233 
272 271 237 238 234 270 236 
273 173 210 94 191 91 93 
274 265 275 267 266 222 268 
275 266 274 264 265 224 218 
276 269 277 270 268 229 271 
277 270 276 271 269 233 234 
278 195 197 196 199 166 194 
