0 1 10 166 13 165 8 
1 0 8 165 3 166 10 
2 3 45 5 167 6 168 
3 2 6 168 1 5 167 
4 7 148 5 54 6 151 
5 6 53 2 4 7 3 
6 5 3 7 8 4 2 
7 4 6 151 9 5 148 
8 10 1 9 6 0 11 
9 11 145 8 7 147 10 
10 8 0 11 18 1 9 
11 9 147 10 15 145 131 
12 20 14 16 170 19 13 
13 14 18 169 0 170 16 
14 13 170 16 12 18 169 
15 17 131 11 18 16 10 
16 18 14 17 20 15 13 
17 15 136 16 19 131 18 
18 16 13 15 10 14 0 
19 130 20 17 259 136 16 
20 12 19 16 14 17 130 
21 31 36 171 22 38 176 
22 23 172 30 21 173 26 
23 22 24 173 26 172 30 
24 23 28 173 26 212 22 
25 32 27 111 26 105 30 
26 30 28 23 25 22 24 
27 211 110 25 28 214 26 
28 26 24 212 27 23 211 
29 37 109 31 32 38 82 
30 26 22 32 31 23 25 
31 38 21 29 30 37 36 
32 25 105 30 29 111 109 
33 48 174 42 34 180 50 
34 35 175 44 33 39 174 
35 34 39 36 175 176 44 
36 38 21 176 35 31 39 
37 29 38 82 40 109 31 
38 31 36 37 39 29 21 
39 44 35 40 38 34 36 
40 86 39 41 37 44 38 
41 79 44 40 43 86 39 
42 50 43 33 44 48 52 
43 52 42 77 41 50 68 
44 39 41 34 42 40 35 
45 2 53 46 177 167 5 
46 55 45 178 47 53 177 
47 51 48 179 46 50 180 
48 33 180 50 47 42 174 
49 52 67 51 56 68 50 
50 42 51 48 52 47 43 
51 50 47 55 49 52 48 
52 43 49 68 50 77 42 
53 5 45 54 55 2 56 
54 56 59 53 4 5 60 
55 51 46 56 53 47 54 
56 54 55 60 49 59 53 
57 149 62 61 73 153 154 
58 63 61 60 62 67 66 
59 60 148 54 62 56 153 
60 59 58 56 67 54 63 
61 58 66 57 74 63 62 
62 153 57 59 58 148 149 
63 58 67 66 65 61 60 
64 80 66 65 70 76 93 
65 76 64 68 63 77 80 
66 61 64 72 63 58 74 
67 63 68 49 60 58 65 
68 77 65 52 67 76 43 
69 102 71 72 74 100 70 
70 72 93 71 64 92 69 
71 92 70 69 103 93 72 
72 70 69 66 74 71 64 
73 154 75 57 74 155 149 
74 72 61 73 69 75 66 
75 73 155 101 74 154 100 
76 65 80 77 81 64 68 
77 68 76 43 79 65 52 
78 81 85 94 80 88 87 
79 86 41 81 77 87 40 
80 64 76 93 78 65 70 
81 78 79 87 76 85 86 
82 109 83 37 86 87 108 
83 108 87 84 82 85 107 
84 107 89 83 85 108 120 
85 78 87 88 84 81 83 
86 79 87 40 82 41 81 
87 83 85 86 81 82 79 
88 85 94 90 89 78 84 
89 120 84 91 88 107 122 
90 95 98 88 91 94 97 
91 122 89 99 90 120 125 
92 71 93 96 95 103 70 
93 70 92 80 94 71 64 
94 95 88 78 93 90 85 
95 90 94 97 92 98 88 
96 103 92 219 97 225 71 
97 218 95 98 96 221 90 
98 99 90 97 221 95 220 
99 125 91 98 220 122 226 
100 102 101 222 69 224 75 
101 223 100 75 155 222 102 
102 100 69 224 103 222 71 
103 96 71 225 102 219 92 
104 113 106 105 108 114 111 
105 111 32 104 109 25 113 
106 114 121 104 107 119 120 
107 84 120 108 106 89 83 
108 83 107 109 104 84 82 
109 82 29 108 105 37 32 
110 214 27 112 111 211 25 
111 105 113 25 110 32 104 
112 213 113 110 115 111 214 
113 104 112 111 114 105 106 
114 106 119 113 115 121 104 
115 116 215 112 114 217 213 
116 217 115 118 119 216 215 
117 123 119 126 118 127 124 
118 216 116 127 117 217 119 
119 121 117 114 116 123 106 
120 89 107 121 122 84 91 
121 119 106 120 123 114 117 
122 91 125 120 123 99 89 
123 117 124 121 122 119 126 
124 126 227 123 125 228 117 
125 99 122 226 124 220 91 
126 124 127 228 117 227 123 
127 126 118 229 117 216 228 
128 257 129 142 133 258 134 
129 258 128 130 134 257 259 
130 259 129 19 136 258 17 
131 135 147 15 136 11 144 
132 135 137 133 143 134 144 
133 134 132 138 128 137 135 
134 133 136 135 129 132 128 
135 144 132 131 134 147 136 
136 17 134 131 130 135 15 
137 160 138 132 139 143 158 
138 137 140 133 142 139 132 
139 158 164 137 140 160 138 
140 163 138 139 141 164 137 
141 142 140 138 163 128 257 
142 141 128 138 257 133 140 
143 160 132 144 146 137 135 
144 135 147 146 143 145 131 
145 147 9 146 151 144 11 
146 144 145 152 143 147 150 
147 145 144 11 131 9 146 
148 59 151 153 4 62 7 
149 57 150 153 154 152 62 
150 149 152 157 153 154 146 
151 148 152 7 145 4 153 
152 153 150 151 146 149 148 
153 62 152 149 148 57 151 
154 157 73 155 149 75 150 
155 156 75 154 73 157 101 
156 155 157 159 154 162 75 
157 154 150 156 155 149 159 
158 159 160 139 161 162 164 
159 158 162 156 161 160 157 
160 158 137 143 139 159 132 
161 162 164 158 230 159 139 
162 161 231 159 230 158 156 
163 232 140 164 139 141 161 
164 161 139 163 158 230 140 
165 166 185 1 168 186 0 
166 165 169 186 0 185 1 
167 177 184 168 2 183 45 
168 167 183 3 165 184 2 
169 170 166 181 13 186 182 
170 169 182 14 13 181 12 
171 176 207 21 172 208 36 
172 173 22 171 23 21 207 
173 172 23 22 24 171 26 
174 180 33 175 48 188 210 
175 210 34 174 35 209 33 
176 171 208 36 207 21 35 
177 167 190 45 178 184 2 
178 179 189 46 177 187 190 
179 178 187 47 180 188 189 
180 174 48 188 179 33 47 
181 182 169 191 186 170 195 
182 181 170 169 191 14 186 
183 184 168 192 185 167 193 
184 183 167 193 190 168 192 
185 186 165 194 183 195 166 
186 185 166 195 181 165 194 
187 189 179 188 197 178 180 
188 180 187 196 174 179 197 
189 187 199 178 190 179 197 
190 177 189 198 184 167 178 
191 181 195 201 182 186 194 
192 193 203 183 194 202 184 
193 192 202 184 198 203 183 
194 195 200 185 192 201 186 
195 194 186 201 191 185 200 
196 197 188 206 187 199 180 
197 196 187 199 206 189 188 
198 199 205 190 193 204 189 
199 198 189 204 197 190 187 
200 201 194 203 195 192 202 
201 200 195 194 191 203 186 
202 203 205 193 192 198 200 
203 202 192 200 193 194 205 
204 199 206 205 198 197 189 
205 202 198 204 193 199 203 
206 204 197 196 199 205 187 
207 208 171 176 172 209 21 
208 207 176 209 171 210 36 
209 210 208 175 176 35 207 
210 209 175 174 34 208 35 
211 214 27 212 110 266 28 
212 28 211 24 27 26 214 
213 112 215 267 214 115 266 
214 211 110 266 213 27 112 
215 217 115 213 116 267 112 
216 118 217 116 127 117 215 
217 116 215 216 115 118 119 
218 221 97 236 219 234 98 
219 225 235 96 218 103 238 
220 233 99 226 221 234 125 
221 218 234 98 220 97 236 
222 224 240 100 223 102 237 
223 101 239 222 244 100 240 
224 222 237 102 225 240 100 
225 219 238 103 224 96 235 
226 243 125 227 220 124 233 
227 228 124 242 226 126 241 
228 227 126 241 229 242 124 
229 127 228 241 126 227 118 
230 231 161 260 162 164 261 
231 162 230 261 260 161 262 
232 163 263 164 140 230 161 
233 243 246 234 220 251 226 
234 236 221 245 233 218 220 
235 238 248 219 236 225 249 
236 234 247 218 235 245 221 
237 238 240 224 222 249 225 
238 235 237 225 249 248 219 
239 244 223 264 240 265 222 
240 237 222 239 224 264 223 
241 242 228 250 227 252 229 
242 241 227 252 243 228 250 
243 233 226 251 242 246 220 
244 262 239 265 223 264 261 
245 247 234 255 246 236 254 
246 233 251 245 256 243 234 
247 245 236 254 255 248 234 
248 249 235 247 238 254 236 
249 248 238 235 237 225 240 
250 252 241 242 251 228 253 
251 246 243 253 252 233 256 
252 250 242 251 241 253 243 
253 251 256 252 246 243 255 
254 255 247 245 248 256 236 
255 254 245 256 247 246 234 
256 246 255 253 251 245 254 
257 128 258 129 142 259 133 
258 129 257 259 130 128 134 
259 130 258 19 129 257 136 
260 261 230 263 231 262 161 
261 260 231 262 230 244 162 
262 244 261 265 231 239 260 
263 260 232 230 164 261 163 
264 265 239 244 240 223 262 
265 264 244 262 239 261 223 
266 267 214 211 213 110 27 
267 266 213 215 214 112 115 
