0 10 3 221 8 2 9 
1 24 4 6 3 25 35 
2 3 4 222 1 0 25 
3 2 1 8 0 10 4 
4 25 1 222 2 24 225 
5 8 16 7 9 6 15 
6 7 1 35 8 37 5 
7 37 6 15 5 71 16 
8 10 5 3 6 9 0 
9 204 11 10 5 205 221 
10 221 8 9 0 3 204 
11 205 9 16 12 204 14 
12 14 21 11 206 20 16 
13 70 15 14 18 82 20 
14 12 20 16 13 21 11 
15 71 7 13 16 70 37 
16 11 5 14 15 12 9 
17 18 83 159 19 88 82 
18 82 17 13 20 83 70 
19 22 163 20 17 157 21 
20 14 21 19 18 12 22 
21 208 12 20 22 14 19 
22 19 157 21 207 163 20 
23 27 26 224 25 29 223 
24 26 1 25 35 4 34 
25 4 225 24 23 1 26 
26 24 34 29 23 35 33 
27 23 223 29 224 26 28 
28 39 31 29 38 52 27 
29 33 26 27 28 23 34 
30 32 74 33 36 75 31 
31 28 52 32 33 50 30 
32 30 50 75 31 54 74 
33 34 29 30 31 26 36 
34 35 33 26 36 29 24 
35 34 24 37 6 26 36 
36 37 69 34 30 35 71 
37 7 36 71 35 6 15 
38 39 228 40 28 41 227 
39 28 38 52 41 31 40 
40 41 227 42 38 43 226 
41 40 51 43 39 42 48 
42 45 43 40 226 41 44 
43 42 41 48 44 45 51 
44 47 45 43 229 48 42 
45 42 44 230 43 226 229 
46 232 59 47 49 233 231 
47 48 44 46 231 229 49 
48 51 47 43 49 44 41 
49 48 46 53 47 59 51 
50 32 54 52 53 31 75 
51 48 41 53 52 43 49 
52 39 31 50 51 28 53 
53 55 51 49 50 52 48 
54 75 50 57 55 32 56 
55 56 53 54 49 58 50 
56 55 57 68 58 54 65 
57 76 65 54 56 79 75 
58 60 64 56 59 62 55 
59 233 46 60 58 49 232 
60 58 62 59 234 64 236 
61 111 235 62 63 237 113 
62 236 60 61 64 234 58 
63 113 64 67 61 109 68 
64 58 63 62 68 60 67 
65 79 57 66 68 76 77 
66 105 77 65 67 79 68 
67 68 109 63 66 64 65 
68 67 65 64 56 66 63 
69 74 36 71 72 37 30 
70 13 82 71 72 18 15 
71 15 37 69 70 7 36 
72 73 84 69 70 78 74 
73 76 72 78 74 79 75 
74 69 30 75 73 36 32 
75 54 32 74 76 57 30 
76 73 57 79 75 65 78 
77 80 91 66 79 105 78 
78 73 80 79 84 76 77 
79 65 76 78 77 57 66 
80 77 81 94 78 91 89 
81 83 80 89 84 94 88 
82 18 70 84 83 13 17 
83 81 17 88 82 18 84 
84 82 72 81 78 83 70 
85 90 161 101 86 164 87 
86 164 85 88 87 159 161 
87 90 96 86 89 85 88 
88 89 159 83 86 164 87 
89 94 88 81 87 83 80 
90 85 87 102 93 101 99 
91 105 77 94 95 104 80 
92 93 108 95 100 104 122 
93 92 99 96 90 100 102 
94 89 80 96 91 81 87 
95 104 92 91 96 108 93 
96 87 93 94 95 89 90 
97 146 99 98 102 142 100 
98 120 100 97 145 122 125 
99 102 93 100 97 90 92 
100 98 92 99 122 93 97 
101 167 85 103 102 161 90 
102 99 90 101 97 93 85 
103 168 141 101 167 142 172 
104 95 108 105 107 91 92 
105 66 91 104 109 77 95 
106 107 123 114 108 116 122 
107 106 109 104 115 114 113 
108 92 104 122 106 95 100 
109 67 107 113 105 63 66 
110 115 112 111 239 114 237 
111 237 61 110 113 115 239 
112 238 110 114 117 115 239 
113 63 109 111 115 61 110 
114 116 115 112 106 110 123 
115 110 114 113 107 112 111 
116 114 118 123 117 112 106 
117 119 116 240 112 241 118 
118 116 119 121 129 117 123 
119 117 241 130 118 129 242 
120 98 125 122 121 100 145 
121 127 118 123 120 116 125 
122 108 100 120 123 98 92 
123 106 116 121 122 114 118 
124 144 125 137 126 145 149 
125 124 145 120 127 144 98 
126 139 127 131 124 135 125 
127 121 126 125 129 118 120 
128 243 130 131 132 129 242 
129 130 131 118 127 128 119 
130 129 128 119 242 131 241 
131 129 135 128 126 130 132 
132 244 134 128 135 133 243 
133 134 138 135 132 195 139 
134 133 132 244 135 138 128 
135 139 131 132 133 126 138 
136 148 194 137 138 186 149 
137 149 124 136 139 144 148 
138 195 139 136 133 135 194 
139 135 126 138 137 131 124 
140 147 155 142 143 146 151 
141 142 103 143 172 168 174 
142 141 146 140 97 103 147 
143 174 152 141 140 172 176 
144 124 145 149 147 137 125 
145 144 146 125 98 124 147 
146 145 142 147 97 140 144 
147 140 146 151 144 155 149 
148 136 186 149 150 194 137 
149 151 137 148 144 147 150 
150 153 187 151 148 155 185 
151 149 155 147 150 140 153 
152 176 143 154 155 174 178 
153 150 155 185 154 187 151 
154 178 182 152 153 176 200 
155 151 153 140 152 150 147 
156 210 158 157 162 209 211 
157 163 22 156 211 19 162 
158 209 160 156 210 213 166 
159 164 88 17 163 86 162 
160 158 166 162 161 156 167 
161 85 164 167 160 86 101 
162 163 160 164 156 157 159 
163 157 162 19 159 22 156 
164 86 159 161 162 85 88 
165 169 173 166 168 170 167 
166 160 167 165 169 158 161 
167 101 161 168 166 103 85 
168 103 172 167 165 173 141 
169 165 170 212 173 166 215 
170 215 171 169 173 165 175 
171 175 170 181 214 177 215 
172 174 173 168 141 143 175 
173 165 172 170 175 168 169 
174 172 143 175 176 152 141 
175 171 177 174 173 181 172 
176 152 177 178 174 154 179 
177 176 181 175 179 171 178 
178 154 179 176 200 182 152 
179 199 180 178 177 219 176 
180 179 219 216 181 199 218 
181 177 171 180 217 175 179 
182 200 183 154 185 202 178 
183 202 182 193 184 200 203 
184 192 189 185 183 191 187 
185 187 153 184 182 150 189 
186 194 148 188 187 197 136 
187 185 150 189 186 153 184 
188 197 190 186 189 198 194 
189 191 184 187 188 192 190 
190 198 188 191 189 197 278 
191 192 189 190 278 184 277 
192 191 184 277 193 189 278 
193 203 183 192 202 184 277 
194 186 136 197 195 148 188 
195 138 196 194 133 136 197 
196 195 197 194 198 138 188 
197 188 194 198 196 186 190 
198 190 197 188 196 191 194 
199 219 179 201 200 180 220 
200 182 178 202 199 183 154 
201 220 199 202 219 203 200 
202 183 203 200 201 193 182 
203 193 202 183 201 200 192 
204 276 9 205 221 260 11 
205 11 204 260 206 9 276 
206 261 208 205 12 263 260 
207 211 208 262 22 266 263 
208 263 21 206 207 12 262 
209 158 210 213 264 156 265 
210 156 265 211 209 158 264 
211 210 207 266 157 156 265 
212 268 213 215 169 270 170 
213 212 209 267 268 158 169 
214 269 217 215 171 271 170 
215 170 214 212 270 269 169 
216 272 218 180 217 181 219 
217 271 214 216 181 272 269 
218 216 219 220 180 272 199 
219 199 180 220 218 201 179 
220 201 219 218 199 180 202 
221 10 204 0 9 276 8 
222 225 4 2 25 1 224 
223 224 27 23 225 228 29 
224 223 23 225 27 25 26 
225 25 222 224 4 23 223 
226 227 42 40 45 43 228 
227 226 40 228 42 38 41 
228 38 227 40 223 39 226 
229 245 231 44 230 246 47 
230 45 229 245 44 231 42 
231 229 246 232 47 247 245 
232 247 46 231 233 47 246 
233 59 249 232 234 46 247 
234 236 248 233 60 251 62 
235 250 237 61 236 253 111 
236 234 251 62 235 248 250 
237 111 253 235 239 61 250 
238 239 112 240 252 110 117 
239 252 238 237 110 112 253 
240 241 238 117 119 112 242 
241 119 242 240 117 130 118 
242 241 130 243 128 119 129 
243 128 244 242 132 130 131 
244 132 243 128 134 242 135 
245 229 246 230 231 44 247 
246 231 247 245 229 232 254 
247 232 246 249 254 231 233 
248 251 255 234 249 236 258 
249 233 256 247 248 234 232 
250 235 253 257 251 237 236 
251 248 236 258 250 234 255 
252 239 253 238 259 237 250 
253 237 250 252 259 235 239 
254 256 247 249 246 255 232 
255 248 256 258 251 249 234 
256 255 249 254 248 247 258 
257 259 258 250 253 251 235 
258 255 251 257 248 250 236 
259 257 253 252 250 237 258 
260 276 205 261 204 206 11 
261 206 260 263 205 208 276 
262 266 263 207 208 211 261 
263 208 262 261 206 207 21 
264 265 267 209 275 210 213 
265 210 264 266 211 209 275 
266 262 211 265 207 210 263 
267 264 268 213 275 209 212 
268 212 270 267 213 273 215 
269 214 271 270 274 215 217 
270 269 268 273 215 212 274 
271 217 269 272 214 274 216 
272 216 271 217 218 269 180 
273 270 274 268 269 215 267 
274 269 273 270 271 214 272 
275 264 267 265 209 268 213 
276 204 260 205 221 9 261 
277 278 192 191 193 184 190 
278 277 191 192 190 189 184 
