0 11 2 3 34 13 1 
1 2 182 3 4 0 181 
2 0 1 31 5 34 3 
3 13 181 0 1 187 11 
4 5 179 1 173 2 182 
5 4 30 173 2 174 31 
6 7 9 10 20 15 8 
7 6 8 191 12 9 10 
8 57 188 9 7 195 60 
9 6 8 60 7 57 20 
10 6 12 15 11 20 7 
11 0 17 13 10 34 3 
12 185 10 13 7 191 187 
13 3 187 11 12 181 0 
14 32 27 17 16 38 34 
15 20 16 10 17 18 6 
16 15 26 18 14 20 24 
17 34 11 14 15 32 0 
18 24 16 20 19 15 26 
19 87 23 18 98 86 24 
20 15 6 18 10 16 9 
21 129 97 23 22 103 98 
22 28 131 24 21 128 129 
23 19 24 98 21 87 97 
24 18 23 26 22 19 16 
25 37 125 27 28 121 128 
26 16 24 27 28 18 22 
27 38 14 26 25 37 32 
28 128 22 25 26 131 125 
29 39 30 175 33 176 174 
30 29 5 174 31 175 33 
31 34 33 2 30 0 32 
32 14 38 34 33 17 27 
33 31 35 32 29 34 38 
34 17 31 32 0 11 14 
35 38 36 33 39 32 37 
36 35 122 37 40 38 121 
37 25 121 36 38 125 27 
38 27 35 32 37 14 36 
39 176 29 40 35 177 175 
40 119 39 177 36 178 176 
41 42 43 192 44 47 63 
42 41 44 47 45 43 211 
43 192 44 41 63 42 208 
44 42 43 45 62 41 47 
45 48 44 47 75 46 42 
46 210 49 47 48 211 45 
47 211 46 42 45 210 44 
48 45 52 46 76 49 47 
49 52 46 51 212 210 48 
50 118 51 52 80 116 49 
51 116 50 49 118 52 212 
52 49 48 50 78 51 46 
53 56 58 55 89 84 91 
54 55 67 200 56 204 201 
55 54 53 201 59 56 200 
56 53 91 54 66 55 89 
57 8 59 195 60 188 9 
58 53 60 84 59 89 55 
59 57 197 58 55 195 60 
60 58 86 57 9 59 8 
61 62 64 68 74 63 75 
62 61 63 75 44 74 64 
63 64 208 62 43 207 61 
64 63 207 61 65 62 208 
65 68 205 64 67 207 61 
66 67 72 56 68 91 69 
67 54 204 66 65 200 56 
68 65 61 69 66 64 74 
69 70 74 68 72 73 61 
70 73 83 69 71 74 77 
71 72 90 81 70 94 91 
72 71 91 66 69 90 70 
73 76 70 74 77 75 78 
74 75 73 69 61 62 76 
75 74 76 62 45 73 61 
76 73 75 78 48 77 74 
77 78 79 73 83 76 80 
78 77 76 80 52 79 73 
79 80 77 113 78 114 111 
80 79 114 78 50 113 77 
81 82 71 94 83 93 90 
82 81 109 93 94 106 111 
83 70 77 81 73 79 71 
84 89 58 85 86 53 88 
85 87 88 99 84 89 98 
86 60 87 84 85 19 58 
87 19 85 98 86 99 23 
88 90 85 89 92 91 84 
89 84 91 88 53 56 85 
90 71 88 91 94 72 92 
91 89 90 56 72 88 53 
92 94 95 99 88 93 90 
93 95 94 106 82 105 92 
94 92 93 81 90 95 88 
95 93 96 92 105 94 106 
96 97 102 95 99 103 105 
97 96 21 98 103 99 102 
98 99 87 97 23 19 85 
99 98 92 85 96 97 88 
100 132 101 103 133 129 102 
101 107 134 100 102 103 135 
102 103 96 101 105 97 95 
103 102 97 100 129 96 21 
104 107 106 136 110 105 135 
105 106 95 102 107 93 104 
106 105 104 93 109 107 95 
107 104 101 135 105 134 136 
108 111 141 112 110 113 142 
109 110 82 106 111 104 93 
110 109 104 140 108 106 136 
111 113 108 109 79 82 112 
112 115 142 108 113 143 114 
113 114 111 79 112 80 108 
114 113 80 115 118 112 79 
115 112 143 114 117 142 113 
116 118 51 50 117 49 114 
117 148 118 115 116 143 114 
118 116 50 117 114 51 80 
119 178 40 120 122 177 123 
120 119 123 178 159 122 40 
121 125 37 124 122 25 126 
122 36 123 121 119 37 124 
123 159 122 124 120 150 121 
124 126 121 123 150 125 152 
125 121 25 126 128 124 37 
126 124 125 152 127 121 150 
127 130 153 128 126 131 125 
128 28 131 127 125 22 130 
129 132 21 131 103 100 22 
130 127 131 132 153 128 154 
131 22 128 130 129 28 127 
132 129 100 154 130 133 103 
133 154 100 134 156 132 101 
134 135 101 133 139 107 100 
135 134 136 107 137 104 101 
136 135 104 138 140 137 107 
137 138 160 135 139 162 161 
138 137 161 146 136 140 135 
139 162 137 134 160 135 133 
140 146 110 136 141 138 104 
141 142 147 108 140 112 144 
142 143 141 144 112 115 145 
143 142 115 145 148 112 144 
144 145 142 147 164 143 163 
145 144 143 149 163 142 164 
146 140 138 165 147 161 136 
147 141 144 166 146 142 140 
148 117 149 143 115 145 118 
149 148 145 143 163 144 117 
150 152 159 124 151 158 126 
151 158 150 152 159 157 124 
152 150 158 126 153 124 151 
153 157 127 152 130 155 126 
154 133 132 156 130 100 155 
155 157 171 156 153 172 154 
156 154 155 133 171 139 132 
157 155 153 172 158 171 152 
158 151 152 157 150 153 172 
159 123 150 124 120 151 152 
160 162 170 161 137 168 139 
161 169 160 138 165 167 170 
162 160 139 168 170 137 161 
163 164 145 144 149 166 143 
164 163 166 144 145 147 142 
165 167 161 146 166 169 138 
166 164 147 165 144 146 167 
167 165 169 161 166 170 146 
168 170 162 160 169 139 161 
169 170 161 167 165 160 168 
170 169 168 160 162 161 167 
171 172 155 157 156 153 154 
172 171 157 155 158 153 151 
173 174 5 4 30 175 2 
174 175 173 30 5 29 176 
175 174 29 176 30 39 177 
176 177 39 175 29 40 178 
177 176 178 40 39 119 175 
178 119 177 40 120 176 122 
179 4 182 1 180 5 181 
180 182 231 183 181 230 179 
181 187 182 183 3 186 13 
182 181 180 1 179 3 183 
183 186 181 230 180 226 187 
184 224 185 189 186 191 221 
185 191 184 12 187 189 7 
186 183 226 187 184 181 230 
187 181 13 186 185 3 183 
188 190 8 195 191 196 57 
189 191 184 221 190 223 185 
190 196 188 223 189 195 228 
191 189 185 188 7 184 190 
192 43 193 208 41 63 209 
193 192 209 208 206 43 213 
194 196 217 197 199 195 228 
195 197 196 57 188 190 59 
196 190 228 195 194 223 188 
197 195 201 59 194 199 196 
198 199 200 203 201 216 215 
199 198 201 194 216 200 197 
200 201 54 198 204 55 199 
201 200 197 199 55 198 54 
202 214 205 206 203 215 213 
203 215 204 198 202 200 205 
204 203 200 67 205 54 198 
205 65 202 207 204 203 64 
206 209 213 207 202 208 214 
207 208 64 205 206 63 209 
208 207 209 63 192 64 206 
209 206 208 193 213 207 192 
210 211 46 212 47 49 48 
211 210 47 46 42 212 45 
212 210 49 46 51 211 52 
213 206 214 209 202 207 208 
214 202 213 215 206 218 203 
215 203 218 214 198 202 216 
216 217 199 198 194 219 215 
217 216 194 219 228 199 196 
218 215 214 203 216 202 198 
219 229 217 216 228 220 194 
220 229 222 223 228 221 219 
221 223 222 224 189 220 184 
222 220 221 227 223 224 229 
223 190 221 228 220 196 189 
224 184 221 227 226 189 186 
225 226 227 230 224 231 186 
226 230 186 225 224 183 227 
227 224 225 222 221 226 184 
228 196 223 229 217 220 190 
229 220 219 228 217 223 222 
230 226 231 183 225 186 180 
231 230 180 183 226 182 225 
