0 5 182 23 1 185 7 
1 22 0 182 23 5 185 
2 183 11 4 3 184 8 
3 47 184 2 68 191 183 
4 186 8 2 5 183 11 
5 0 185 7 4 23 182 
6 24 18 7 9 27 23 
7 23 6 8 5 24 9 
8 9 11 4 7 10 2 
9 17 10 8 6 7 16 
10 16 11 9 12 17 8 
11 10 2 8 9 3 4 
12 15 70 10 68 79 16 
13 80 128 15 14 84 79 
14 132 20 13 16 128 126 
15 79 12 13 16 80 70 
16 10 17 15 14 9 12 
17 9 16 18 20 10 6 
18 27 6 19 17 24 26 
19 26 127 18 20 116 27 
20 126 14 17 19 132 16 
21 28 22 24 23 27 6 
22 1 21 23 0 24 7 
23 7 24 0 22 5 6 
24 6 27 23 21 18 7 
25 118 26 28 116 27 19 
26 19 116 25 27 127 18 
27 18 24 28 26 6 19 
28 21 27 25 24 26 18 
29 30 37 187 33 31 36 
30 31 33 187 29 188 34 
31 30 188 34 49 187 33 
32 35 42 33 36 37 43 
33 34 30 32 37 35 31 
34 35 33 31 58 32 30 
35 34 32 43 59 33 58 
36 37 176 39 32 177 42 
37 36 33 29 176 32 30 
38 178 39 114 41 177 179 
39 42 38 177 36 41 32 
40 108 43 41 63 109 42 
41 109 42 40 38 108 39 
42 39 32 43 41 35 38 
43 35 42 40 60 32 41 
44 45 50 190 72 71 189 
45 44 46 71 189 190 72 
46 69 45 47 192 189 191 
47 3 191 46 68 69 192 
48 49 51 194 57 193 52 
49 48 193 58 31 194 57 
50 44 196 54 51 72 190 
51 48 195 52 50 194 196 
52 53 51 57 54 48 56 
53 66 56 52 55 57 62 
54 55 72 50 52 74 44 
55 54 64 74 53 76 72 
56 59 57 53 62 58 60 
57 58 56 52 48 59 49 
58 57 59 34 49 56 35 
59 56 58 60 35 57 62 
60 62 59 63 43 61 56 
61 63 104 62 60 103 96 
62 60 66 56 61 59 63 
63 61 103 60 40 104 62 
64 55 76 65 66 74 78 
65 99 78 64 91 76 96 
66 62 53 64 56 61 55 
67 70 73 69 81 79 75 
68 47 70 69 3 12 67 
69 46 67 71 68 45 73 
70 67 79 12 68 81 15 
71 72 73 45 69 44 74 
72 71 54 74 44 73 45 
73 74 67 71 75 81 72 
74 73 72 76 55 54 71 
75 81 77 76 73 82 78 
76 78 75 74 64 77 73 
77 78 82 75 90 91 76 
78 77 76 91 65 90 75 
79 15 70 81 80 12 13 
80 13 84 79 82 15 128 
81 75 79 67 82 70 73 
82 77 87 81 80 75 90 
83 85 86 84 131 129 87 
84 128 80 87 83 13 131 
85 129 137 83 88 157 131 
86 92 83 88 87 93 90 
87 82 90 84 86 92 83 
88 93 138 86 85 92 137 
89 94 91 92 95 93 90 
90 91 87 77 92 82 78 
91 90 78 89 99 77 92 
92 86 93 89 90 88 87 
93 88 94 135 92 86 138 
94 89 93 134 98 135 92 
95 98 99 89 100 94 97 
96 104 100 99 61 65 102 
97 100 147 105 98 102 141 
98 95 94 146 97 89 134 
99 65 95 91 96 89 78 
100 97 102 96 95 104 105 
101 102 106 103 111 105 104 
102 101 105 104 100 103 106 
103 104 63 101 102 108 61 
104 103 96 61 102 63 100 
105 106 141 102 97 101 142 
106 105 142 101 110 141 102 
107 112 110 154 115 111 151 
108 109 40 111 103 41 63 
109 108 41 114 112 40 38 
110 151 107 111 106 154 112 
111 110 112 101 108 107 106 
112 107 113 111 109 115 110 
113 181 115 112 114 180 107 
114 179 38 109 113 178 181 
115 113 150 180 107 181 112 
116 127 26 117 118 19 125 
117 125 119 116 121 127 123 
118 25 116 121 26 117 127 
119 123 117 120 212 125 162 
120 121 119 212 117 123 118 
121 120 117 118 116 119 125 
122 159 124 123 130 156 125 
123 119 162 125 122 212 117 
124 130 126 122 125 132 127 
125 117 127 123 124 119 116 
126 132 20 124 127 14 130 
127 116 19 125 126 26 117 
128 84 13 131 132 80 14 
129 85 131 157 83 137 156 
130 124 132 131 122 126 129 
131 129 130 128 83 84 85 
132 126 14 130 128 20 124 
133 140 135 170 136 138 167 
134 135 136 94 146 133 93 
135 134 133 93 138 136 94 
136 169 134 133 145 170 135 
137 157 85 139 138 158 88 
138 140 88 135 137 133 93 
139 158 168 137 140 174 157 
140 133 138 167 139 135 170 
141 142 105 147 143 106 144 
142 141 106 144 151 143 105 
143 144 148 141 166 142 165 
144 143 142 165 153 166 141 
145 163 136 146 148 169 164 
146 98 134 145 147 136 94 
147 97 148 141 146 105 143 
148 164 147 143 145 141 166 
149 150 152 154 171 115 153 
150 115 149 154 107 152 180 
151 110 153 154 142 107 152 
152 153 154 171 149 151 172 
153 172 152 151 144 171 154 
154 107 152 150 151 110 115 
155 175 158 156 160 174 173 
156 157 155 159 158 129 122 
157 137 156 129 158 85 139 
158 139 174 155 157 168 175 
159 122 156 160 162 123 155 
160 173 155 161 159 175 156 
161 160 162 173 212 159 123 
162 123 212 161 159 119 122 
163 145 198 169 164 136 202 
164 148 197 166 163 145 143 
165 166 199 144 172 200 143 
166 165 200 143 164 199 144 
167 140 201 170 168 133 203 
168 174 139 167 158 205 140 
169 170 136 202 163 203 133 
170 169 203 133 167 202 201 
171 172 152 204 153 149 154 
172 153 204 171 165 152 144 
173 160 175 161 155 206 159 
174 158 168 205 175 139 155 
175 155 173 206 174 160 158 
176 36 177 37 39 32 178 
177 178 39 176 38 36 42 
178 38 179 177 114 39 41 
179 178 114 181 38 113 180 
180 181 115 113 150 179 107 
181 113 180 179 115 114 112 
182 185 0 5 214 1 186 
183 184 2 216 186 215 3 
184 183 215 191 3 216 219 
185 182 5 214 186 0 4 
186 4 213 183 185 5 214 
187 188 30 217 31 29 33 
188 217 187 31 193 30 224 
189 192 190 220 45 221 46 
190 189 221 196 44 220 45 
191 47 219 184 192 3 215 
192 189 46 218 191 220 45 
193 194 224 49 188 225 48 
194 193 225 48 195 224 49 
195 222 51 194 196 225 48 
196 50 223 190 195 221 44 
197 209 164 200 198 166 207 
198 208 163 202 197 211 209 
199 200 165 204 166 207 172 
200 199 166 197 207 165 209 
201 203 167 210 170 168 202 
202 203 211 169 198 170 210 
203 202 201 170 210 169 211 
204 172 199 171 165 153 200 
205 206 174 175 168 158 201 
206 205 175 174 173 155 160 
207 200 209 199 197 166 165 
208 198 209 211 202 197 163 
209 197 208 207 198 200 164 
210 211 203 201 202 170 208 
211 210 202 208 203 198 169 
212 162 119 123 120 161 117 
213 216 186 226 214 227 183 
214 213 185 182 186 226 5 
215 219 228 184 216 230 191 
216 213 183 227 215 184 226 
217 188 224 187 193 31 225 
218 219 229 192 220 230 191 
219 215 218 230 191 228 229 
220 221 189 218 232 190 192 
221 220 190 223 231 189 232 
222 195 225 223 194 196 224 
223 221 196 222 231 190 195 
224 225 193 217 194 188 222 
225 224 194 222 193 195 48 
226 227 213 216 214 186 228 
227 226 216 228 213 233 215 
228 230 233 215 227 235 219 
229 218 232 230 234 219 220 
230 228 219 235 229 233 215 
231 232 221 223 220 229 190 
232 229 231 220 221 218 234 
233 235 228 230 227 234 215 
234 235 229 230 232 233 218 
235 233 230 234 228 229 219 
