0 1 170 12 171 179 3 
1 0 12 171 3 170 8 
2 3 9 8 172 5 1 
3 2 8 1 172 171 9 
4 11 5 7 9 219 21 
5 4 9 2 11 7 8 
6 7 220 39 20 219 21 
7 6 4 219 21 11 220 
8 3 10 9 12 2 1 
9 11 8 2 5 4 10 
10 8 14 19 11 21 12 
11 9 4 21 10 7 19 
12 1 14 8 0 13 10 
13 51 14 17 12 16 60 
14 13 12 10 16 17 19 
15 18 30 16 22 27 17 
16 17 15 14 19 18 10 
17 16 18 13 60 15 14 
18 15 17 27 62 30 16 
19 21 10 22 16 20 11 
20 22 21 25 6 24 19 
21 19 20 11 7 22 10 
22 20 24 19 15 25 21 
23 25 37 40 26 24 42 
24 25 22 26 30 20 23 
25 24 23 20 39 22 26 
26 29 35 24 23 25 30 
27 30 18 28 98 15 29 
28 29 27 34 95 30 32 
29 28 26 30 32 27 34 
30 27 29 15 24 28 18 
31 33 143 34 109 32 145 
32 34 33 35 29 28 31 
33 31 38 145 32 143 34 
34 32 31 28 108 29 33 
35 37 26 38 32 33 29 
36 140 37 41 38 134 138 
37 35 23 36 42 38 41 
38 33 35 138 36 37 32 
39 225 6 40 25 220 20 
40 226 39 42 23 225 227 
41 134 42 228 36 227 37 
42 227 41 40 37 226 23 
43 70 44 189 71 173 69 
44 45 173 71 43 175 64 
45 44 175 64 46 71 173 
46 47 174 65 45 177 54 
47 46 48 177 54 174 65 
48 47 176 52 54 178 50 
49 61 50 53 51 60 59 
50 49 52 51 48 53 61 
51 13 60 49 50 17 61 
52 53 48 54 50 47 49 
53 59 52 55 49 61 54 
54 65 55 52 47 66 46 
55 66 54 53 57 77 65 
56 63 59 100 58 101 61 
57 77 58 55 59 79 66 
58 79 57 56 101 77 81 
59 61 53 56 57 63 49 
60 61 51 62 17 49 63 
61 60 59 49 63 53 56 
62 98 18 63 60 17 97 
63 56 97 62 61 59 60 
64 71 45 67 65 68 44 
65 54 66 46 64 55 47 
66 55 65 77 67 54 57 
67 68 64 76 66 74 71 
68 67 71 74 69 64 70 
69 190 70 73 68 189 191 
70 189 69 43 71 190 68 
71 64 68 44 70 45 67 
72 192 73 85 75 193 191 
73 191 72 69 74 192 190 
74 76 75 68 73 67 78 
75 78 74 72 76 82 73 
76 74 78 67 77 75 68 
77 57 66 79 76 55 58 
78 75 76 82 79 74 81 
79 58 81 77 57 78 101 
80 102 81 91 83 101 104 
81 101 80 79 82 58 102 
82 83 78 81 84 75 80 
83 94 82 84 80 89 91 
84 89 83 86 82 85 94 
85 193 86 72 194 192 84 
86 85 194 88 84 196 193 
87 195 88 90 131 196 197 
88 196 87 86 89 195 90 
89 94 84 90 88 83 86 
90 87 93 89 130 94 88 
91 104 80 92 94 102 103 
92 103 127 91 93 118 104 
93 90 125 94 92 130 89 
94 89 83 93 91 90 84 
95 108 98 96 28 110 97 
96 99 110 97 95 105 100 
97 98 63 96 100 62 95 
98 97 62 95 27 63 18 
99 96 102 100 105 110 104 
100 101 99 56 97 102 96 
101 81 100 102 58 79 80 
102 80 99 101 104 81 100 
103 92 106 118 104 127 120 
104 91 103 105 102 92 106 
105 110 106 104 99 107 96 
106 103 120 105 107 104 118 
107 109 115 110 106 105 108 
108 109 95 110 34 107 96 
109 108 107 111 31 34 110 
110 105 96 108 107 99 95 
111 143 114 109 115 31 113 
112 152 142 114 116 147 113 
113 122 114 115 116 111 112 
114 113 111 112 147 143 115 
115 120 113 107 111 122 106 
116 154 121 112 113 122 150 
117 126 119 118 122 127 124 
118 127 120 103 117 92 126 
119 124 121 117 148 126 122 
120 118 115 106 122 103 107 
121 119 122 150 116 148 154 
122 113 121 120 117 116 115 
123 128 125 132 126 130 124 
124 119 126 128 117 148 123 
125 130 123 93 127 132 90 
126 117 127 124 123 118 119 
127 118 126 92 125 117 103 
128 123 124 132 126 125 119 
129 131 132 197 130 87 123 
130 132 125 90 131 93 87 
131 197 129 87 130 195 132 
132 130 123 129 125 131 128 
133 137 155 235 135 234 136 
134 41 140 135 236 36 228 
135 234 133 136 134 236 140 
136 140 139 135 137 138 134 
137 133 169 141 136 155 139 
138 139 38 140 145 136 36 
139 136 138 141 146 140 137 
140 136 134 36 138 135 139 
141 144 139 137 146 169 164 
142 144 147 165 112 146 164 
143 145 111 31 147 33 146 
144 142 146 141 164 165 147 
145 143 33 146 138 147 31 
146 147 144 145 139 142 143 
147 146 142 114 143 145 144 
148 150 119 151 124 121 149 
149 151 251 150 250 148 154 
150 154 148 121 149 151 116 
151 149 250 148 251 150 119 
152 112 153 154 165 116 142 
153 152 248 166 165 249 255 
154 150 116 152 121 149 153 
155 133 169 158 157 137 235 
156 257 158 157 162 258 155 
157 167 258 155 156 158 169 
158 156 155 235 160 157 133 
159 162 161 256 160 259 245 
160 161 162 232 158 245 159 
161 160 259 245 159 162 232 
162 159 160 256 156 161 158 
163 166 254 168 164 255 165 
164 165 163 144 166 142 168 
165 164 142 166 152 144 163 
166 163 255 165 153 164 254 
167 169 157 252 168 258 155 
168 163 253 167 254 164 252 
169 167 137 155 157 168 141 
170 171 180 179 0 216 184 
171 170 1 216 172 0 180 
172 3 171 2 1 216 170 
173 175 44 218 45 43 71 
174 177 217 46 175 188 47 
175 173 218 45 174 44 217 
176 178 48 187 177 183 47 
177 174 188 47 176 46 217 
178 176 179 183 48 184 187 
179 178 184 170 183 180 0 
180 216 170 184 171 182 179 
181 183 185 182 184 187 178 
182 184 181 180 183 179 185 
183 181 178 187 184 176 185 
184 179 182 180 183 170 178 
185 181 186 187 183 188 176 
186 185 188 217 187 181 177 
187 188 185 176 183 186 177 
188 217 187 177 186 174 185 
189 70 190 43 69 191 71 
190 69 189 191 70 73 68 
191 73 190 192 69 72 198 
192 72 193 191 198 73 85 
193 85 194 192 199 72 86 
194 193 200 86 196 85 199 
195 87 196 197 88 131 201 
196 88 195 194 201 86 87 
197 131 195 129 87 130 196 
198 199 192 193 191 200 72 
199 200 198 193 194 192 201 
200 199 201 194 193 196 198 
201 200 196 194 195 199 88 
202 206 248 203 212 255 249 
203 249 202 251 248 206 250 
204 253 205 214 207 213 254 
205 209 213 252 204 215 214 
206 207 202 255 212 254 211 
207 206 211 254 204 255 212 
208 256 210 257 162 159 209 
209 205 258 215 210 257 252 
210 257 209 208 215 258 256 
211 212 207 214 206 204 213 
212 211 206 207 202 255 214 
213 214 215 205 204 209 252 
214 213 204 211 205 207 215 
215 213 209 205 210 214 258 
216 180 171 170 172 184 1 
217 188 174 218 177 186 175 
218 175 217 173 174 45 188 
219 220 7 222 6 4 221 
220 6 225 219 221 39 7 
221 260 222 224 220 261 219 
222 221 219 260 220 224 261 
223 237 224 229 226 261 238 
224 261 221 223 225 260 237 
225 39 220 226 224 40 6 
226 40 225 227 223 42 39 
227 42 226 228 229 41 40 
228 236 41 227 230 134 42 
229 238 230 223 227 239 237 
230 239 229 233 228 247 238 
231 246 233 232 234 247 245 
232 245 160 231 235 246 161 
233 247 230 231 236 239 246 
234 135 235 236 231 133 134 
235 234 133 158 232 155 135 
236 228 234 134 233 135 41 
237 223 261 238 224 229 240 
238 229 240 239 237 223 230 
239 230 247 238 241 229 233 
240 238 241 239 237 229 244 
241 244 240 239 264 247 238 
242 262 243 259 245 161 263 
243 246 242 244 263 245 247 
244 264 247 241 243 263 246 
245 232 161 242 246 160 231 
246 231 243 247 245 233 232 
247 233 244 239 246 230 231 
248 249 202 153 255 203 206 
249 248 251 203 149 153 202 
250 251 151 149 249 148 203 
251 250 249 149 203 151 248 
252 253 205 167 258 209 168 
253 252 204 168 254 205 163 
254 255 163 253 207 166 206 
255 254 206 166 248 163 207 
256 162 208 257 159 156 210 
257 258 156 210 256 209 157 
258 257 209 157 252 156 167 
259 161 242 159 245 262 160 
260 221 261 222 224 237 220 
261 224 237 260 221 223 238 
262 242 263 243 259 245 264 
263 262 264 243 244 242 246 
264 244 263 241 243 247 262 
